00000000 00D01001 00000000 00000001 00000000 00000000 00000000 00000000 00000000 00000000 00000000 00000000 00000000 00000000 00000000 00000000 00000000 00000000
00000001 04DD1007 00000000 00000007 00000000 00000000 00000000 00000000 00000000 00000000 00000000 00000000 00000000 00000000 00000000 00000001 00000000 00000000
00000002 0E301100 00000000 00000100 00000000 00000000 00000000 00000000 00000000 00000000 00000000 00000000 00000000 00000000 00000000 00000080 00000000 00000000
00000003 0E401101 00000000 00000101 00000000 00000006 00000000 00000000 00000000 00000000 00000000 00000000 00000000 00000000 00000000 00000080 00000000 00000000
00000004 0D100009 00000000 00000009 00000000 00000006 00000004 00000000 00000000 00000000 00000000 00000000 00000000 00000000 00000000 00000080 00000000 00000000
00000009 00DD1FFC 00000000 FFFFFFFC 00000000 00000006 00000004 00000000 00000000 00000000 00000000 00000000 00000000 00000000 00000000 00000080 00000000 00000005
0000000A 0F9D1003 00000000 00000003 00000000 00000006 00000004 00000000 00000000 00000000 00000000 00000000 00000000 00000000 00000000 0000007C 00000000 00000005
0000000B 0FFD1002 00000000 00000002 00000000 00000006 00000004 00000000 00000000 00000000 00000000 00000000 00000000 00000000 00000000 0000007C 00000000 00000005
0000000C 0F3D1001 00000000 00000001 00000000 00000006 00000004 00000000 00000000 00000000 00000000 00000000 00000000 00000000 00000000 0000007C 00000000 00000005
0000000D 0F4D1000 00000000 00000000 00000000 00000006 00000004 00000000 00000000 00000000 00000000 00000000 00000000 00000000 00000000 0000007C 00000000 00000005
0000000E 0E5D1000 00000000 00000000 00000000 00000006 00000004 00000000 00000000 00000000 00000000 00000000 00000000 00000000 00000000 0000007C 00000000 00000005
0000000F 07150007 00000000 00000007 00000000 00000006 00000004 00000004 00000000 00000000 00000000 00000000 00000000 00000000 00000000 0000007C 00000000 00000005
00000010 0E6D1001 00000000 00000001 00000000 00000006 00000004 00000004 00000000 00000000 00000000 00000000 00000000 00000000 00000000 0000007C 00000000 00000005
00000011 01765000 00000000 00000000 00000000 00000006 00000004 00000004 00000006 00000000 00000000 00000000 00000000 00000000 00000000 0000007C 00000000 00000005
00000012 07170007 00000000 00000007 00000000 00000006 00000004 00000004 00000006 00000002 00000000 00000000 00000000 00000000 00000000 0000007C 00000000 00000005
00000013 0A134014 00000000 00000014 00000000 00000006 00000004 00000004 00000006 00000002 00000000 00000000 00000000 00000000 00000000 0000007C 00000000 00000005
00000014 01331001 00000000 00000001 00000000 00000006 00000004 00000004 00000006 00000002 00000000 00000000 00000000 00000000 00000000 0000007C 00000000 00000005
00000015 01441001 00000000 00000001 00000000 00000005 00000004 00000004 00000006 00000002 00000000 00000000 00000000 00000000 00000000 0000007C 00000000 00000005
00000016 0D100009 00000000 00000009 00000000 00000005 00000003 00000004 00000006 00000002 00000000 00000000 00000000 00000000 00000000 0000007C 00000000 00000005
00000009 00DD1FFC 00000000 FFFFFFFC 00000000 00000005 00000003 00000004 00000006 00000002 00000000 00000000 00000000 00000000 00000000 0000007C 00000000 00000017
0000000A 0F9D1003 00000000 00000003 00000000 00000005 00000003 00000004 00000006 00000002 00000000 00000000 00000000 00000000 00000000 00000078 00000000 00000017
0000000B 0FFD1002 00000000 00000002 00000000 00000005 00000003 00000004 00000006 00000002 00000000 00000000 00000000 00000000 00000000 00000078 00000000 00000017
0000000C 0F3D1001 00000000 00000001 00000000 00000005 00000003 00000004 00000006 00000002 00000000 00000000 00000000 00000000 00000000 00000078 00000000 00000017
0000000D 0F4D1000 00000000 00000000 00000000 00000005 00000003 00000004 00000006 00000002 00000000 00000000 00000000 00000000 00000000 00000078 00000000 00000017
0000000E 0E5D1000 00000000 00000000 00000000 00000005 00000003 00000004 00000006 00000002 00000000 00000000 00000000 00000000 00000000 00000078 00000000 00000017
0000000F 07150007 00000000 00000007 00000000 00000005 00000003 00000003 00000006 00000002 00000000 00000000 00000000 00000000 00000000 00000078 00000000 00000017
00000010 0E6D1001 00000000 00000001 00000000 00000005 00000003 00000003 00000006 00000002 00000000 00000000 00000000 00000000 00000000 00000078 00000000 00000017
00000011 01765000 00000000 00000000 00000000 00000005 00000003 00000003 00000005 00000002 00000000 00000000 00000000 00000000 00000000 00000078 00000000 00000017
00000012 07170007 00000000 00000007 00000000 00000005 00000003 00000003 00000005 00000002 00000000 00000000 00000000 00000000 00000000 00000078 00000000 00000017
00000013 0A134014 00000000 00000014 00000000 00000005 00000003 00000003 00000005 00000002 00000000 00000000 00000000 00000000 00000000 00000078 00000000 00000017
00000014 01331001 00000000 00000001 00000000 00000005 00000003 00000003 00000005 00000002 00000000 00000000 00000000 00000000 00000000 00000078 00000000 00000017
00000015 01441001 00000000 00000001 00000000 00000004 00000003 00000003 00000005 00000002 00000000 00000000 00000000 00000000 00000000 00000078 00000000 00000017
00000016 0D100009 00000000 00000009 00000000 00000004 00000002 00000003 00000005 00000002 00000000 00000000 00000000 00000000 00000000 00000078 00000000 00000017
00000009 00DD1FFC 00000000 FFFFFFFC 00000000 00000004 00000002 00000003 00000005 00000002 00000000 00000000 00000000 00000000 00000000 00000078 00000000 00000017
0000000A 0F9D1003 00000000 00000003 00000000 00000004 00000002 00000003 00000005 00000002 00000000 00000000 00000000 00000000 00000000 00000074 00000000 00000017
0000000B 0FFD1002 00000000 00000002 00000000 00000004 00000002 00000003 00000005 00000002 00000000 00000000 00000000 00000000 00000000 00000074 00000000 00000017
0000000C 0F3D1001 00000000 00000001 00000000 00000004 00000002 00000003 00000005 00000002 00000000 00000000 00000000 00000000 00000000 00000074 00000000 00000017
0000000D 0F4D1000 00000000 00000000 00000000 00000004 00000002 00000003 00000005 00000002 00000000 00000000 00000000 00000000 00000000 00000074 00000000 00000017
0000000E 0E5D1000 00000000 00000000 00000000 00000004 00000002 00000003 00000005 00000002 00000000 00000000 00000000 00000000 00000000 00000074 00000000 00000017
0000000F 07150007 00000000 00000007 00000000 00000004 00000002 00000002 00000005 00000002 00000000 00000000 00000000 00000000 00000000 00000074 00000000 00000017
00000010 0E6D1001 00000000 00000001 00000000 00000004 00000002 00000002 00000005 00000002 00000000 00000000 00000000 00000000 00000000 00000074 00000000 00000017
00000011 01765000 00000000 00000000 00000000 00000004 00000002 00000002 00000004 00000002 00000000 00000000 00000000 00000000 00000000 00000074 00000000 00000017
00000012 07170007 00000000 00000007 00000000 00000004 00000002 00000002 00000004 00000002 00000000 00000000 00000000 00000000 00000000 00000074 00000000 00000017
00000013 0A134014 00000000 00000014 00000000 00000004 00000002 00000002 00000004 00000002 00000000 00000000 00000000 00000000 00000000 00000074 00000000 00000017
00000014 01331001 00000000 00000001 00000000 00000004 00000002 00000002 00000004 00000002 00000000 00000000 00000000 00000000 00000000 00000074 00000000 00000017
00000015 01441001 00000000 00000001 00000000 00000003 00000002 00000002 00000004 00000002 00000000 00000000 00000000 00000000 00000000 00000074 00000000 00000017
00000016 0D100009 00000000 00000009 00000000 00000003 00000001 00000002 00000004 00000002 00000000 00000000 00000000 00000000 00000000 00000074 00000000 00000017
00000009 00DD1FFC 00000000 FFFFFFFC 00000000 00000003 00000001 00000002 00000004 00000002 00000000 00000000 00000000 00000000 00000000 00000074 00000000 00000017
0000000A 0F9D1003 00000000 00000003 00000000 00000003 00000001 00000002 00000004 00000002 00000000 00000000 00000000 00000000 00000000 00000070 00000000 00000017
0000000B 0FFD1002 00000000 00000002 00000000 00000003 00000001 00000002 00000004 00000002 00000000 00000000 00000000 00000000 00000000 00000070 00000000 00000017
0000000C 0F3D1001 00000000 00000001 00000000 00000003 00000001 00000002 00000004 00000002 00000000 00000000 00000000 00000000 00000000 00000070 00000000 00000017
0000000D 0F4D1000 00000000 00000000 00000000 00000003 00000001 00000002 00000004 00000002 00000000 00000000 00000000 00000000 00000000 00000070 00000000 00000017
0000000E 0E5D1000 00000000 00000000 00000000 00000003 00000001 00000002 00000004 00000002 00000000 00000000 00000000 00000000 00000000 00000070 00000000 00000017
0000000F 07150007 00000000 00000007 00000000 00000003 00000001 00000001 00000004 00000002 00000000 00000000 00000000 00000000 00000000 00000070 00000000 00000017
00000010 0E6D1001 00000000 00000001 00000000 00000003 00000001 00000001 00000004 00000002 00000000 00000000 00000000 00000000 00000000 00000070 00000000 00000017
00000011 01765000 00000000 00000000 00000000 00000003 00000001 00000001 00000003 00000002 00000000 00000000 00000000 00000000 00000000 00000070 00000000 00000017
00000012 07170007 00000000 00000007 00000000 00000003 00000001 00000001 00000003 00000002 00000000 00000000 00000000 00000000 00000000 00000070 00000000 00000017
00000013 0A134014 00000000 00000014 00000000 00000003 00000001 00000001 00000003 00000002 00000000 00000000 00000000 00000000 00000000 00000070 00000000 00000017
00000014 01331001 00000000 00000001 00000000 00000003 00000001 00000001 00000003 00000002 00000000 00000000 00000000 00000000 00000000 00000070 00000000 00000017
00000015 01441001 00000000 00000001 00000000 00000002 00000001 00000001 00000003 00000002 00000000 00000000 00000000 00000000 00000000 00000070 00000000 00000017
00000016 0D100009 00000000 00000009 00000000 00000002 00000000 00000001 00000003 00000002 00000000 00000000 00000000 00000000 00000000 00000070 00000000 00000017
00000009 00DD1FFC 00000000 FFFFFFFC 00000000 00000002 00000000 00000001 00000003 00000002 00000000 00000000 00000000 00000000 00000000 00000070 00000000 00000017
0000000A 0F9D1003 00000000 00000003 00000000 00000002 00000000 00000001 00000003 00000002 00000000 00000000 00000000 00000000 00000000 0000006C 00000000 00000017
0000000B 0FFD1002 00000000 00000002 00000000 00000002 00000000 00000001 00000003 00000002 00000000 00000000 00000000 00000000 00000000 0000006C 00000000 00000017
0000000C 0F3D1001 00000000 00000001 00000000 00000002 00000000 00000001 00000003 00000002 00000000 00000000 00000000 00000000 00000000 0000006C 00000000 00000017
0000000D 0F4D1000 00000000 00000000 00000000 00000002 00000000 00000001 00000003 00000002 00000000 00000000 00000000 00000000 00000000 0000006C 00000000 00000017
0000000E 0E5D1000 00000000 00000000 00000000 00000002 00000000 00000001 00000003 00000002 00000000 00000000 00000000 00000000 00000000 0000006C 00000000 00000017
0000000F 07150007 00000000 00000007 00000000 00000002 00000000 00000000 00000003 00000002 00000000 00000000 00000000 00000000 00000000 0000006C 00000000 00000017
00000007 00201001 00000000 00000001 00000000 00000002 00000000 00000000 00000003 00000002 00000000 00000000 00000000 00000000 00000000 0000006C 00000000 00000017
00000008 07100021 00000000 00000021 00000001 00000002 00000000 00000000 00000003 00000002 00000000 00000000 00000000 00000000 00000000 0000006C 00000000 00000017
00000021 00DD1004 00000000 00000004 00000001 00000002 00000000 00000000 00000003 00000002 00000000 00000000 00000000 00000000 00000000 0000006C 00000000 00000017
00000022 07F00000 00000000 00000000 00000001 00000002 00000000 00000000 00000003 00000002 00000000 00000000 00000000 00000000 00000000 00000070 00000000 00000017
00000017 00921000 00000000 00000000 00000001 00000002 00000000 00000000 00000003 00000002 00000000 00000000 00000000 00000000 00000000 00000070 00000000 00000017
00000018 0E3D1001 00000000 00000001 00000001 00000002 00000000 00000000 00000003 00000002 00000000 00000001 00000000 00000000 00000000 00000070 00000000 00000017
00000019 01331001 00000000 00000001 00000001 00000003 00000000 00000000 00000003 00000002 00000000 00000001 00000000 00000000 00000000 00000070 00000000 00000017
0000001A 0E4D1000 00000000 00000000 00000001 00000002 00000000 00000000 00000003 00000002 00000000 00000001 00000000 00000000 00000000 00000070 00000000 00000017
0000001B 0D100009 00000000 00000009 00000001 00000002 00000001 00000000 00000003 00000002 00000000 00000001 00000000 00000000 00000000 00000070 00000000 00000017
00000009 00DD1FFC 00000000 FFFFFFFC 00000001 00000002 00000001 00000000 00000003 00000002 00000000 00000001 00000000 00000000 00000000 00000070 00000000 0000001C
0000000A 0F9D1003 00000000 00000003 00000001 00000002 00000001 00000000 00000003 00000002 00000000 00000001 00000000 00000000 00000000 0000006C 00000000 0000001C
0000000B 0FFD1002 00000000 00000002 00000001 00000002 00000001 00000000 00000003 00000002 00000000 00000001 00000000 00000000 00000000 0000006C 00000000 0000001C
0000000C 0F3D1001 00000000 00000001 00000001 00000002 00000001 00000000 00000003 00000002 00000000 00000001 00000000 00000000 00000000 0000006C 00000000 0000001C
0000000D 0F4D1000 00000000 00000000 00000001 00000002 00000001 00000000 00000003 00000002 00000000 00000001 00000000 00000000 00000000 0000006C 00000000 0000001C
0000000E 0E5D1000 00000000 00000000 00000001 00000002 00000001 00000000 00000003 00000002 00000000 00000001 00000000 00000000 00000000 0000006C 00000000 0000001C
0000000F 07150007 00000000 00000007 00000001 00000002 00000001 00000001 00000003 00000002 00000000 00000001 00000000 00000000 00000000 0000006C 00000000 0000001C
00000010 0E6D1001 00000000 00000001 00000001 00000002 00000001 00000001 00000003 00000002 00000000 00000001 00000000 00000000 00000000 0000006C 00000000 0000001C
00000011 01765000 00000000 00000000 00000001 00000002 00000001 00000001 00000002 00000002 00000000 00000001 00000000 00000000 00000000 0000006C 00000000 0000001C
00000012 07170007 00000000 00000007 00000001 00000002 00000001 00000001 00000002 00000001 00000000 00000001 00000000 00000000 00000000 0000006C 00000000 0000001C
00000013 0A134014 00000000 00000014 00000001 00000002 00000001 00000001 00000002 00000001 00000000 00000001 00000000 00000000 00000000 0000006C 00000000 0000001C
00000014 01331001 00000000 00000001 00000001 00000002 00000001 00000001 00000002 00000001 00000000 00000001 00000000 00000000 00000000 0000006C 00000000 0000001C
00000015 01441001 00000000 00000001 00000001 00000001 00000001 00000001 00000002 00000001 00000000 00000001 00000000 00000000 00000000 0000006C 00000000 0000001C
00000016 0D100009 00000000 00000009 00000001 00000001 00000000 00000001 00000002 00000001 00000000 00000001 00000000 00000000 00000000 0000006C 00000000 0000001C
00000009 00DD1FFC 00000000 FFFFFFFC 00000001 00000001 00000000 00000001 00000002 00000001 00000000 00000001 00000000 00000000 00000000 0000006C 00000000 00000017
0000000A 0F9D1003 00000000 00000003 00000001 00000001 00000000 00000001 00000002 00000001 00000000 00000001 00000000 00000000 00000000 00000068 00000000 00000017
0000000B 0FFD1002 00000000 00000002 00000001 00000001 00000000 00000001 00000002 00000001 00000000 00000001 00000000 00000000 00000000 00000068 00000000 00000017
0000000C 0F3D1001 00000000 00000001 00000001 00000001 00000000 00000001 00000002 00000001 00000000 00000001 00000000 00000000 00000000 00000068 00000000 00000017
0000000D 0F4D1000 00000000 00000000 00000001 00000001 00000000 00000001 00000002 00000001 00000000 00000001 00000000 00000000 00000000 00000068 00000000 00000017
0000000E 0E5D1000 00000000 00000000 00000001 00000001 00000000 00000001 00000002 00000001 00000000 00000001 00000000 00000000 00000000 00000068 00000000 00000017
0000000F 07150007 00000000 00000007 00000001 00000001 00000000 00000000 00000002 00000001 00000000 00000001 00000000 00000000 00000000 00000068 00000000 00000017
00000007 00201001 00000000 00000001 00000001 00000001 00000000 00000000 00000002 00000001 00000000 00000001 00000000 00000000 00000000 00000068 00000000 00000017
00000008 07100021 00000000 00000021 00000001 00000001 00000000 00000000 00000002 00000001 00000000 00000001 00000000 00000000 00000000 00000068 00000000 00000017
00000021 00DD1004 00000000 00000004 00000001 00000001 00000000 00000000 00000002 00000001 00000000 00000001 00000000 00000000 00000000 00000068 00000000 00000017
00000022 07F00000 00000000 00000000 00000001 00000001 00000000 00000000 00000002 00000001 00000000 00000001 00000000 00000000 00000000 0000006C 00000000 00000017
00000017 00921000 00000000 00000000 00000001 00000001 00000000 00000000 00000002 00000001 00000000 00000001 00000000 00000000 00000000 0000006C 00000000 00000017
00000018 0E3D1001 00000000 00000001 00000001 00000001 00000000 00000000 00000002 00000001 00000000 00000001 00000000 00000000 00000000 0000006C 00000000 00000017
00000019 01331001 00000000 00000001 00000001 00000002 00000000 00000000 00000002 00000001 00000000 00000001 00000000 00000000 00000000 0000006C 00000000 00000017
0000001A 0E4D1000 00000000 00000000 00000001 00000001 00000000 00000000 00000002 00000001 00000000 00000001 00000000 00000000 00000000 0000006C 00000000 00000017
0000001B 0D100009 00000000 00000009 00000001 00000001 00000001 00000000 00000002 00000001 00000000 00000001 00000000 00000000 00000000 0000006C 00000000 00000017
00000009 00DD1FFC 00000000 FFFFFFFC 00000001 00000001 00000001 00000000 00000002 00000001 00000000 00000001 00000000 00000000 00000000 0000006C 00000000 0000001C
0000000A 0F9D1003 00000000 00000003 00000001 00000001 00000001 00000000 00000002 00000001 00000000 00000001 00000000 00000000 00000000 00000068 00000000 0000001C
0000000B 0FFD1002 00000000 00000002 00000001 00000001 00000001 00000000 00000002 00000001 00000000 00000001 00000000 00000000 00000000 00000068 00000000 0000001C
0000000C 0F3D1001 00000000 00000001 00000001 00000001 00000001 00000000 00000002 00000001 00000000 00000001 00000000 00000000 00000000 00000068 00000000 0000001C
0000000D 0F4D1000 00000000 00000000 00000001 00000001 00000001 00000000 00000002 00000001 00000000 00000001 00000000 00000000 00000000 00000068 00000000 0000001C
0000000E 0E5D1000 00000000 00000000 00000001 00000001 00000001 00000000 00000002 00000001 00000000 00000001 00000000 00000000 00000000 00000068 00000000 0000001C
0000000F 07150007 00000000 00000007 00000001 00000001 00000001 00000001 00000002 00000001 00000000 00000001 00000000 00000000 00000000 00000068 00000000 0000001C
00000010 0E6D1001 00000000 00000001 00000001 00000001 00000001 00000001 00000002 00000001 00000000 00000001 00000000 00000000 00000000 00000068 00000000 0000001C
00000011 01765000 00000000 00000000 00000001 00000001 00000001 00000001 00000001 00000001 00000000 00000001 00000000 00000000 00000000 00000068 00000000 0000001C
00000012 07170007 00000000 00000007 00000001 00000001 00000001 00000001 00000001 00000000 00000000 00000001 00000000 00000000 00000000 00000068 00000000 0000001C
00000007 00201001 00000000 00000001 00000001 00000001 00000001 00000001 00000001 00000000 00000000 00000001 00000000 00000000 00000000 00000068 00000000 0000001C
00000008 07100021 00000000 00000021 00000001 00000001 00000001 00000001 00000001 00000000 00000000 00000001 00000000 00000000 00000000 00000068 00000000 0000001C
00000021 00DD1004 00000000 00000004 00000001 00000001 00000001 00000001 00000001 00000000 00000000 00000001 00000000 00000000 00000000 00000068 00000000 0000001C
00000022 07F00000 00000000 00000000 00000001 00000001 00000001 00000001 00000001 00000000 00000000 00000001 00000000 00000000 00000000 0000006C 00000000 0000001C
0000001C 00229000 00000000 00000000 00000001 00000001 00000001 00000001 00000001 00000000 00000000 00000001 00000000 00000000 00000000 0000006C 00000000 0000001C
0000001D 0E4D1000 00000000 00000000 00000002 00000001 00000001 00000001 00000001 00000000 00000000 00000001 00000000 00000000 00000000 0000006C 00000000 0000001C
0000001E 0E3D1001 00000000 00000001 00000002 00000001 00000001 00000001 00000001 00000000 00000000 00000001 00000000 00000000 00000000 0000006C 00000000 0000001C
0000001F 0EFD1002 00000000 00000002 00000002 00000002 00000001 00000001 00000001 00000000 00000000 00000001 00000000 00000000 00000000 0000006C 00000000 0000001C
00000020 0E9D1003 00000000 00000003 00000002 00000002 00000001 00000001 00000001 00000000 00000000 00000001 00000000 00000000 00000000 0000006C 00000000 0000001C
00000021 00DD1004 00000000 00000004 00000002 00000002 00000001 00000001 00000001 00000000 00000000 00000001 00000000 00000000 00000000 0000006C 00000000 0000001C
00000022 07F00000 00000000 00000000 00000002 00000002 00000001 00000001 00000001 00000000 00000000 00000001 00000000 00000000 00000000 00000070 00000000 0000001C
0000001C 00229000 00000000 00000000 00000002 00000002 00000001 00000001 00000001 00000000 00000000 00000001 00000000 00000000 00000000 00000070 00000000 0000001C
0000001D 0E4D1000 00000000 00000000 00000003 00000002 00000001 00000001 00000001 00000000 00000000 00000001 00000000 00000000 00000000 00000070 00000000 0000001C
0000001E 0E3D1001 00000000 00000001 00000003 00000002 00000001 00000001 00000001 00000000 00000000 00000001 00000000 00000000 00000000 00000070 00000000 0000001C
0000001F 0EFD1002 00000000 00000002 00000003 00000003 00000001 00000001 00000001 00000000 00000000 00000001 00000000 00000000 00000000 00000070 00000000 0000001C
00000020 0E9D1003 00000000 00000003 00000003 00000003 00000001 00000001 00000001 00000000 00000000 00000001 00000000 00000000 00000000 00000070 00000000 00000017
00000021 00DD1004 00000000 00000004 00000003 00000003 00000001 00000001 00000001 00000000 00000000 00000000 00000000 00000000 00000000 00000070 00000000 00000017
00000022 07F00000 00000000 00000000 00000003 00000003 00000001 00000001 00000001 00000000 00000000 00000000 00000000 00000000 00000000 00000074 00000000 00000017
00000017 00921000 00000000 00000000 00000003 00000003 00000001 00000001 00000001 00000000 00000000 00000000 00000000 00000000 00000000 00000074 00000000 00000017
00000018 0E3D1001 00000000 00000001 00000003 00000003 00000001 00000001 00000001 00000000 00000000 00000003 00000000 00000000 00000000 00000074 00000000 00000017
00000019 01331001 00000000 00000001 00000003 00000004 00000001 00000001 00000001 00000000 00000000 00000003 00000000 00000000 00000000 00000074 00000000 00000017
0000001A 0E4D1000 00000000 00000000 00000003 00000003 00000001 00000001 00000001 00000000 00000000 00000003 00000000 00000000 00000000 00000074 00000000 00000017
0000001B 0D100009 00000000 00000009 00000003 00000003 00000002 00000001 00000001 00000000 00000000 00000003 00000000 00000000 00000000 00000074 00000000 00000017
00000009 00DD1FFC 00000000 FFFFFFFC 00000003 00000003 00000002 00000001 00000001 00000000 00000000 00000003 00000000 00000000 00000000 00000074 00000000 0000001C
0000000A 0F9D1003 00000000 00000003 00000003 00000003 00000002 00000001 00000001 00000000 00000000 00000003 00000000 00000000 00000000 00000070 00000000 0000001C
0000000B 0FFD1002 00000000 00000002 00000003 00000003 00000002 00000001 00000001 00000000 00000000 00000003 00000000 00000000 00000000 00000070 00000000 0000001C
0000000C 0F3D1001 00000000 00000001 00000003 00000003 00000002 00000001 00000001 00000000 00000000 00000003 00000000 00000000 00000000 00000070 00000000 0000001C
0000000D 0F4D1000 00000000 00000000 00000003 00000003 00000002 00000001 00000001 00000000 00000000 00000003 00000000 00000000 00000000 00000070 00000000 0000001C
0000000E 0E5D1000 00000000 00000000 00000003 00000003 00000002 00000001 00000001 00000000 00000000 00000003 00000000 00000000 00000000 00000070 00000000 0000001C
0000000F 07150007 00000000 00000007 00000003 00000003 00000002 00000002 00000001 00000000 00000000 00000003 00000000 00000000 00000000 00000070 00000000 0000001C
00000010 0E6D1001 00000000 00000001 00000003 00000003 00000002 00000002 00000001 00000000 00000000 00000003 00000000 00000000 00000000 00000070 00000000 0000001C
00000011 01765000 00000000 00000000 00000003 00000003 00000002 00000002 00000003 00000000 00000000 00000003 00000000 00000000 00000000 00000070 00000000 0000001C
00000012 07170007 00000000 00000007 00000003 00000003 00000002 00000002 00000003 00000001 00000000 00000003 00000000 00000000 00000000 00000070 00000000 0000001C
00000013 0A134014 00000000 00000014 00000003 00000003 00000002 00000002 00000003 00000001 00000000 00000003 00000000 00000000 00000000 00000070 00000000 0000001C
00000014 01331001 00000000 00000001 00000003 00000003 00000002 00000002 00000003 00000001 00000000 00000003 00000000 00000000 00000000 00000070 00000000 0000001C
00000015 01441001 00000000 00000001 00000003 00000002 00000002 00000002 00000003 00000001 00000000 00000003 00000000 00000000 00000000 00000070 00000000 0000001C
00000016 0D100009 00000000 00000009 00000003 00000002 00000001 00000002 00000003 00000001 00000000 00000003 00000000 00000000 00000000 00000070 00000000 0000001C
00000009 00DD1FFC 00000000 FFFFFFFC 00000003 00000002 00000001 00000002 00000003 00000001 00000000 00000003 00000000 00000000 00000000 00000070 00000000 00000017
0000000A 0F9D1003 00000000 00000003 00000003 00000002 00000001 00000002 00000003 00000001 00000000 00000003 00000000 00000000 00000000 0000006C 00000000 00000017
0000000B 0FFD1002 00000000 00000002 00000003 00000002 00000001 00000002 00000003 00000001 00000000 00000003 00000000 00000000 00000000 0000006C 00000000 00000017
0000000C 0F3D1001 00000000 00000001 00000003 00000002 00000001 00000002 00000003 00000001 00000000 00000003 00000000 00000000 00000000 0000006C 00000000 00000017
0000000D 0F4D1000 00000000 00000000 00000003 00000002 00000001 00000002 00000003 00000001 00000000 00000003 00000000 00000000 00000000 0000006C 00000000 00000017
0000000E 0E5D1000 00000000 00000000 00000003 00000002 00000001 00000002 00000003 00000001 00000000 00000003 00000000 00000000 00000000 0000006C 00000000 00000017
0000000F 07150007 00000000 00000007 00000003 00000002 00000001 00000001 00000003 00000001 00000000 00000003 00000000 00000000 00000000 0000006C 00000000 00000017
00000010 0E6D1001 00000000 00000001 00000003 00000002 00000001 00000001 00000003 00000001 00000000 00000003 00000000 00000000 00000000 0000006C 00000000 00000017
00000011 01765000 00000000 00000000 00000003 00000002 00000001 00000001 00000002 00000001 00000000 00000003 00000000 00000000 00000000 0000006C 00000000 00000017
00000012 07170007 00000000 00000007 00000003 00000002 00000001 00000001 00000002 00000001 00000000 00000003 00000000 00000000 00000000 0000006C 00000000 00000017
00000013 0A134014 00000000 00000014 00000003 00000002 00000001 00000001 00000002 00000001 00000000 00000003 00000000 00000000 00000000 0000006C 00000000 00000017
00000014 01331001 00000000 00000001 00000003 00000002 00000001 00000001 00000002 00000001 00000000 00000003 00000000 00000000 00000000 0000006C 00000000 00000017
00000015 01441001 00000000 00000001 00000003 00000001 00000001 00000001 00000002 00000001 00000000 00000003 00000000 00000000 00000000 0000006C 00000000 00000017
00000016 0D100009 00000000 00000009 00000003 00000001 00000000 00000001 00000002 00000001 00000000 00000003 00000000 00000000 00000000 0000006C 00000000 00000017
00000009 00DD1FFC 00000000 FFFFFFFC 00000003 00000001 00000000 00000001 00000002 00000001 00000000 00000003 00000000 00000000 00000000 0000006C 00000000 00000017
0000000A 0F9D1003 00000000 00000003 00000003 00000001 00000000 00000001 00000002 00000001 00000000 00000003 00000000 00000000 00000000 00000068 00000000 00000017
0000000B 0FFD1002 00000000 00000002 00000003 00000001 00000000 00000001 00000002 00000001 00000000 00000003 00000000 00000000 00000000 00000068 00000000 00000017
0000000C 0F3D1001 00000000 00000001 00000003 00000001 00000000 00000001 00000002 00000001 00000000 00000003 00000000 00000000 00000000 00000068 00000000 00000017
0000000D 0F4D1000 00000000 00000000 00000003 00000001 00000000 00000001 00000002 00000001 00000000 00000003 00000000 00000000 00000000 00000068 00000000 00000017
0000000E 0E5D1000 00000000 00000000 00000003 00000001 00000000 00000001 00000002 00000001 00000000 00000003 00000000 00000000 00000000 00000068 00000000 00000017
0000000F 07150007 00000000 00000007 00000003 00000001 00000000 00000000 00000002 00000001 00000000 00000003 00000000 00000000 00000000 00000068 00000000 00000017
00000007 00201001 00000000 00000001 00000003 00000001 00000000 00000000 00000002 00000001 00000000 00000003 00000000 00000000 00000000 00000068 00000000 00000017
00000008 07100021 00000000 00000021 00000001 00000001 00000000 00000000 00000002 00000001 00000000 00000003 00000000 00000000 00000000 00000068 00000000 00000017
00000021 00DD1004 00000000 00000004 00000001 00000001 00000000 00000000 00000002 00000001 00000000 00000003 00000000 00000000 00000000 00000068 00000000 00000017
00000022 07F00000 00000000 00000000 00000001 00000001 00000000 00000000 00000002 00000001 00000000 00000003 00000000 00000000 00000000 0000006C 00000000 00000017
00000017 00921000 00000000 00000000 00000001 00000001 00000000 00000000 00000002 00000001 00000000 00000003 00000000 00000000 00000000 0000006C 00000000 00000017
00000018 0E3D1001 00000000 00000001 00000001 00000001 00000000 00000000 00000002 00000001 00000000 00000001 00000000 00000000 00000000 0000006C 00000000 00000017
00000019 01331001 00000000 00000001 00000001 00000002 00000000 00000000 00000002 00000001 00000000 00000001 00000000 00000000 00000000 0000006C 00000000 00000017
0000001A 0E4D1000 00000000 00000000 00000001 00000001 00000000 00000000 00000002 00000001 00000000 00000001 00000000 00000000 00000000 0000006C 00000000 00000017
0000001B 0D100009 00000000 00000009 00000001 00000001 00000001 00000000 00000002 00000001 00000000 00000001 00000000 00000000 00000000 0000006C 00000000 00000017
00000009 00DD1FFC 00000000 FFFFFFFC 00000001 00000001 00000001 00000000 00000002 00000001 00000000 00000001 00000000 00000000 00000000 0000006C 00000000 0000001C
0000000A 0F9D1003 00000000 00000003 00000001 00000001 00000001 00000000 00000002 00000001 00000000 00000001 00000000 00000000 00000000 00000068 00000000 0000001C
0000000B 0FFD1002 00000000 00000002 00000001 00000001 00000001 00000000 00000002 00000001 00000000 00000001 00000000 00000000 00000000 00000068 00000000 0000001C
0000000C 0F3D1001 00000000 00000001 00000001 00000001 00000001 00000000 00000002 00000001 00000000 00000001 00000000 00000000 00000000 00000068 00000000 0000001C
0000000D 0F4D1000 00000000 00000000 00000001 00000001 00000001 00000000 00000002 00000001 00000000 00000001 00000000 00000000 00000000 00000068 00000000 0000001C
0000000E 0E5D1000 00000000 00000000 00000001 00000001 00000001 00000000 00000002 00000001 00000000 00000001 00000000 00000000 00000000 00000068 00000000 0000001C
0000000F 07150007 00000000 00000007 00000001 00000001 00000001 00000001 00000002 00000001 00000000 00000001 00000000 00000000 00000000 00000068 00000000 0000001C
00000010 0E6D1001 00000000 00000001 00000001 00000001 00000001 00000001 00000002 00000001 00000000 00000001 00000000 00000000 00000000 00000068 00000000 0000001C
00000011 01765000 00000000 00000000 00000001 00000001 00000001 00000001 00000001 00000001 00000000 00000001 00000000 00000000 00000000 00000068 00000000 0000001C
00000012 07170007 00000000 00000007 00000001 00000001 00000001 00000001 00000001 00000000 00000000 00000001 00000000 00000000 00000000 00000068 00000000 0000001C
00000007 00201001 00000000 00000001 00000001 00000001 00000001 00000001 00000001 00000000 00000000 00000001 00000000 00000000 00000000 00000068 00000000 0000001C
00000008 07100021 00000000 00000021 00000001 00000001 00000001 00000001 00000001 00000000 00000000 00000001 00000000 00000000 00000000 00000068 00000000 0000001C
00000021 00DD1004 00000000 00000004 00000001 00000001 00000001 00000001 00000001 00000000 00000000 00000001 00000000 00000000 00000000 00000068 00000000 0000001C
00000022 07F00000 00000000 00000000 00000001 00000001 00000001 00000001 00000001 00000000 00000000 00000001 00000000 00000000 00000000 0000006C 00000000 0000001C
0000001C 00229000 00000000 00000000 00000001 00000001 00000001 00000001 00000001 00000000 00000000 00000001 00000000 00000000 00000000 0000006C 00000000 0000001C
0000001D 0E4D1000 00000000 00000000 00000002 00000001 00000001 00000001 00000001 00000000 00000000 00000001 00000000 00000000 00000000 0000006C 00000000 0000001C
0000001E 0E3D1001 00000000 00000001 00000002 00000001 00000001 00000001 00000001 00000000 00000000 00000001 00000000 00000000 00000000 0000006C 00000000 0000001C
0000001F 0EFD1002 00000000 00000002 00000002 00000002 00000001 00000001 00000001 00000000 00000000 00000001 00000000 00000000 00000000 0000006C 00000000 0000001C
00000020 0E9D1003 00000000 00000003 00000002 00000002 00000001 00000001 00000001 00000000 00000000 00000001 00000000 00000000 00000000 0000006C 00000000 00000017
00000021 00DD1004 00000000 00000004 00000002 00000002 00000001 00000001 00000001 00000000 00000000 00000003 00000000 00000000 00000000 0000006C 00000000 00000017
00000022 07F00000 00000000 00000000 00000002 00000002 00000001 00000001 00000001 00000000 00000000 00000003 00000000 00000000 00000000 00000070 00000000 00000017
00000017 00921000 00000000 00000000 00000002 00000002 00000001 00000001 00000001 00000000 00000000 00000003 00000000 00000000 00000000 00000070 00000000 00000017
00000018 0E3D1001 00000000 00000001 00000002 00000002 00000001 00000001 00000001 00000000 00000000 00000002 00000000 00000000 00000000 00000070 00000000 00000017
00000019 01331001 00000000 00000001 00000002 00000003 00000001 00000001 00000001 00000000 00000000 00000002 00000000 00000000 00000000 00000070 00000000 00000017
0000001A 0E4D1000 00000000 00000000 00000002 00000002 00000001 00000001 00000001 00000000 00000000 00000002 00000000 00000000 00000000 00000070 00000000 00000017
0000001B 0D100009 00000000 00000009 00000002 00000002 00000002 00000001 00000001 00000000 00000000 00000002 00000000 00000000 00000000 00000070 00000000 00000017
00000009 00DD1FFC 00000000 FFFFFFFC 00000002 00000002 00000002 00000001 00000001 00000000 00000000 00000002 00000000 00000000 00000000 00000070 00000000 0000001C
0000000A 0F9D1003 00000000 00000003 00000002 00000002 00000002 00000001 00000001 00000000 00000000 00000002 00000000 00000000 00000000 0000006C 00000000 0000001C
0000000B 0FFD1002 00000000 00000002 00000002 00000002 00000002 00000001 00000001 00000000 00000000 00000002 00000000 00000000 00000000 0000006C 00000000 0000001C
0000000C 0F3D1001 00000000 00000001 00000002 00000002 00000002 00000001 00000001 00000000 00000000 00000002 00000000 00000000 00000000 0000006C 00000000 0000001C
0000000D 0F4D1000 00000000 00000000 00000002 00000002 00000002 00000001 00000001 00000000 00000000 00000002 00000000 00000000 00000000 0000006C 00000000 0000001C
0000000E 0E5D1000 00000000 00000000 00000002 00000002 00000002 00000001 00000001 00000000 00000000 00000002 00000000 00000000 00000000 0000006C 00000000 0000001C
0000000F 07150007 00000000 00000007 00000002 00000002 00000002 00000002 00000001 00000000 00000000 00000002 00000000 00000000 00000000 0000006C 00000000 0000001C
00000010 0E6D1001 00000000 00000001 00000002 00000002 00000002 00000002 00000001 00000000 00000000 00000002 00000000 00000000 00000000 0000006C 00000000 0000001C
00000011 01765000 00000000 00000000 00000002 00000002 00000002 00000002 00000002 00000000 00000000 00000002 00000000 00000000 00000000 0000006C 00000000 0000001C
00000012 07170007 00000000 00000007 00000002 00000002 00000002 00000002 00000002 00000000 00000000 00000002 00000000 00000000 00000000 0000006C 00000000 0000001C
00000007 00201001 00000000 00000001 00000002 00000002 00000002 00000002 00000002 00000000 00000000 00000002 00000000 00000000 00000000 0000006C 00000000 0000001C
00000008 07100021 00000000 00000021 00000001 00000002 00000002 00000002 00000002 00000000 00000000 00000002 00000000 00000000 00000000 0000006C 00000000 0000001C
00000021 00DD1004 00000000 00000004 00000001 00000002 00000002 00000002 00000002 00000000 00000000 00000002 00000000 00000000 00000000 0000006C 00000000 0000001C
00000022 07F00000 00000000 00000000 00000001 00000002 00000002 00000002 00000002 00000000 00000000 00000002 00000000 00000000 00000000 00000070 00000000 0000001C
0000001C 00229000 00000000 00000000 00000001 00000002 00000002 00000002 00000002 00000000 00000000 00000002 00000000 00000000 00000000 00000070 00000000 0000001C
0000001D 0E4D1000 00000000 00000000 00000003 00000002 00000002 00000002 00000002 00000000 00000000 00000002 00000000 00000000 00000000 00000070 00000000 0000001C
0000001E 0E3D1001 00000000 00000001 00000003 00000002 00000002 00000002 00000002 00000000 00000000 00000002 00000000 00000000 00000000 00000070 00000000 0000001C
0000001F 0EFD1002 00000000 00000002 00000003 00000003 00000002 00000002 00000002 00000000 00000000 00000002 00000000 00000000 00000000 00000070 00000000 0000001C
00000020 0E9D1003 00000000 00000003 00000003 00000003 00000002 00000002 00000002 00000000 00000000 00000002 00000000 00000000 00000000 00000070 00000000 0000001C
00000021 00DD1004 00000000 00000004 00000003 00000003 00000002 00000002 00000002 00000000 00000000 00000003 00000000 00000000 00000000 00000070 00000000 0000001C
00000022 07F00000 00000000 00000000 00000003 00000003 00000002 00000002 00000002 00000000 00000000 00000003 00000000 00000000 00000000 00000074 00000000 0000001C
0000001C 00229000 00000000 00000000 00000003 00000003 00000002 00000002 00000002 00000000 00000000 00000003 00000000 00000000 00000000 00000074 00000000 0000001C
0000001D 0E4D1000 00000000 00000000 00000006 00000003 00000002 00000002 00000002 00000000 00000000 00000003 00000000 00000000 00000000 00000074 00000000 0000001C
0000001E 0E3D1001 00000000 00000001 00000006 00000003 00000002 00000002 00000002 00000000 00000000 00000003 00000000 00000000 00000000 00000074 00000000 0000001C
0000001F 0EFD1002 00000000 00000002 00000006 00000004 00000002 00000002 00000002 00000000 00000000 00000003 00000000 00000000 00000000 00000074 00000000 0000001C
00000020 0E9D1003 00000000 00000003 00000006 00000004 00000002 00000002 00000002 00000000 00000000 00000003 00000000 00000000 00000000 00000074 00000000 00000017
00000021 00DD1004 00000000 00000004 00000006 00000004 00000002 00000002 00000002 00000000 00000000 00000000 00000000 00000000 00000000 00000074 00000000 00000017
00000022 07F00000 00000000 00000000 00000006 00000004 00000002 00000002 00000002 00000000 00000000 00000000 00000000 00000000 00000000 00000078 00000000 00000017
00000017 00921000 00000000 00000000 00000006 00000004 00000002 00000002 00000002 00000000 00000000 00000000 00000000 00000000 00000000 00000078 00000000 00000017
00000018 0E3D1001 00000000 00000001 00000006 00000004 00000002 00000002 00000002 00000000 00000000 00000006 00000000 00000000 00000000 00000078 00000000 00000017
00000019 01331001 00000000 00000001 00000006 00000005 00000002 00000002 00000002 00000000 00000000 00000006 00000000 00000000 00000000 00000078 00000000 00000017
0000001A 0E4D1000 00000000 00000000 00000006 00000004 00000002 00000002 00000002 00000000 00000000 00000006 00000000 00000000 00000000 00000078 00000000 00000017
0000001B 0D100009 00000000 00000009 00000006 00000004 00000003 00000002 00000002 00000000 00000000 00000006 00000000 00000000 00000000 00000078 00000000 00000017
00000009 00DD1FFC 00000000 FFFFFFFC 00000006 00000004 00000003 00000002 00000002 00000000 00000000 00000006 00000000 00000000 00000000 00000078 00000000 0000001C
0000000A 0F9D1003 00000000 00000003 00000006 00000004 00000003 00000002 00000002 00000000 00000000 00000006 00000000 00000000 00000000 00000074 00000000 0000001C
0000000B 0FFD1002 00000000 00000002 00000006 00000004 00000003 00000002 00000002 00000000 00000000 00000006 00000000 00000000 00000000 00000074 00000000 0000001C
0000000C 0F3D1001 00000000 00000001 00000006 00000004 00000003 00000002 00000002 00000000 00000000 00000006 00000000 00000000 00000000 00000074 00000000 0000001C
0000000D 0F4D1000 00000000 00000000 00000006 00000004 00000003 00000002 00000002 00000000 00000000 00000006 00000000 00000000 00000000 00000074 00000000 0000001C
0000000E 0E5D1000 00000000 00000000 00000006 00000004 00000003 00000002 00000002 00000000 00000000 00000006 00000000 00000000 00000000 00000074 00000000 0000001C
0000000F 07150007 00000000 00000007 00000006 00000004 00000003 00000003 00000002 00000000 00000000 00000006 00000000 00000000 00000000 00000074 00000000 0000001C
00000010 0E6D1001 00000000 00000001 00000006 00000004 00000003 00000003 00000002 00000000 00000000 00000006 00000000 00000000 00000000 00000074 00000000 0000001C
00000011 01765000 00000000 00000000 00000006 00000004 00000003 00000003 00000004 00000000 00000000 00000006 00000000 00000000 00000000 00000074 00000000 0000001C
00000012 07170007 00000000 00000007 00000006 00000004 00000003 00000003 00000004 00000001 00000000 00000006 00000000 00000000 00000000 00000074 00000000 0000001C
00000013 0A134014 00000000 00000014 00000006 00000004 00000003 00000003 00000004 00000001 00000000 00000006 00000000 00000000 00000000 00000074 00000000 0000001C
00000014 01331001 00000000 00000001 00000006 00000004 00000003 00000003 00000004 00000001 00000000 00000006 00000000 00000000 00000000 00000074 00000000 0000001C
00000015 01441001 00000000 00000001 00000006 00000003 00000003 00000003 00000004 00000001 00000000 00000006 00000000 00000000 00000000 00000074 00000000 0000001C
00000016 0D100009 00000000 00000009 00000006 00000003 00000002 00000003 00000004 00000001 00000000 00000006 00000000 00000000 00000000 00000074 00000000 0000001C
00000009 00DD1FFC 00000000 FFFFFFFC 00000006 00000003 00000002 00000003 00000004 00000001 00000000 00000006 00000000 00000000 00000000 00000074 00000000 00000017
0000000A 0F9D1003 00000000 00000003 00000006 00000003 00000002 00000003 00000004 00000001 00000000 00000006 00000000 00000000 00000000 00000070 00000000 00000017
0000000B 0FFD1002 00000000 00000002 00000006 00000003 00000002 00000003 00000004 00000001 00000000 00000006 00000000 00000000 00000000 00000070 00000000 00000017
0000000C 0F3D1001 00000000 00000001 00000006 00000003 00000002 00000003 00000004 00000001 00000000 00000006 00000000 00000000 00000000 00000070 00000000 00000017
0000000D 0F4D1000 00000000 00000000 00000006 00000003 00000002 00000003 00000004 00000001 00000000 00000006 00000000 00000000 00000000 00000070 00000000 00000017
0000000E 0E5D1000 00000000 00000000 00000006 00000003 00000002 00000003 00000004 00000001 00000000 00000006 00000000 00000000 00000000 00000070 00000000 00000017
0000000F 07150007 00000000 00000007 00000006 00000003 00000002 00000002 00000004 00000001 00000000 00000006 00000000 00000000 00000000 00000070 00000000 00000017
00000010 0E6D1001 00000000 00000001 00000006 00000003 00000002 00000002 00000004 00000001 00000000 00000006 00000000 00000000 00000000 00000070 00000000 00000017
00000011 01765000 00000000 00000000 00000006 00000003 00000002 00000002 00000003 00000001 00000000 00000006 00000000 00000000 00000000 00000070 00000000 00000017
00000012 07170007 00000000 00000007 00000006 00000003 00000002 00000002 00000003 00000001 00000000 00000006 00000000 00000000 00000000 00000070 00000000 00000017
00000013 0A134014 00000000 00000014 00000006 00000003 00000002 00000002 00000003 00000001 00000000 00000006 00000000 00000000 00000000 00000070 00000000 00000017
00000014 01331001 00000000 00000001 00000006 00000003 00000002 00000002 00000003 00000001 00000000 00000006 00000000 00000000 00000000 00000070 00000000 00000017
00000015 01441001 00000000 00000001 00000006 00000002 00000002 00000002 00000003 00000001 00000000 00000006 00000000 00000000 00000000 00000070 00000000 00000017
00000016 0D100009 00000000 00000009 00000006 00000002 00000001 00000002 00000003 00000001 00000000 00000006 00000000 00000000 00000000 00000070 00000000 00000017
00000009 00DD1FFC 00000000 FFFFFFFC 00000006 00000002 00000001 00000002 00000003 00000001 00000000 00000006 00000000 00000000 00000000 00000070 00000000 00000017
0000000A 0F9D1003 00000000 00000003 00000006 00000002 00000001 00000002 00000003 00000001 00000000 00000006 00000000 00000000 00000000 0000006C 00000000 00000017
0000000B 0FFD1002 00000000 00000002 00000006 00000002 00000001 00000002 00000003 00000001 00000000 00000006 00000000 00000000 00000000 0000006C 00000000 00000017
0000000C 0F3D1001 00000000 00000001 00000006 00000002 00000001 00000002 00000003 00000001 00000000 00000006 00000000 00000000 00000000 0000006C 00000000 00000017
0000000D 0F4D1000 00000000 00000000 00000006 00000002 00000001 00000002 00000003 00000001 00000000 00000006 00000000 00000000 00000000 0000006C 00000000 00000017
0000000E 0E5D1000 00000000 00000000 00000006 00000002 00000001 00000002 00000003 00000001 00000000 00000006 00000000 00000000 00000000 0000006C 00000000 00000017
0000000F 07150007 00000000 00000007 00000006 00000002 00000001 00000001 00000003 00000001 00000000 00000006 00000000 00000000 00000000 0000006C 00000000 00000017
00000010 0E6D1001 00000000 00000001 00000006 00000002 00000001 00000001 00000003 00000001 00000000 00000006 00000000 00000000 00000000 0000006C 00000000 00000017
00000011 01765000 00000000 00000000 00000006 00000002 00000001 00000001 00000002 00000001 00000000 00000006 00000000 00000000 00000000 0000006C 00000000 00000017
00000012 07170007 00000000 00000007 00000006 00000002 00000001 00000001 00000002 00000001 00000000 00000006 00000000 00000000 00000000 0000006C 00000000 00000017
00000013 0A134014 00000000 00000014 00000006 00000002 00000001 00000001 00000002 00000001 00000000 00000006 00000000 00000000 00000000 0000006C 00000000 00000017
00000014 01331001 00000000 00000001 00000006 00000002 00000001 00000001 00000002 00000001 00000000 00000006 00000000 00000000 00000000 0000006C 00000000 00000017
00000015 01441001 00000000 00000001 00000006 00000001 00000001 00000001 00000002 00000001 00000000 00000006 00000000 00000000 00000000 0000006C 00000000 00000017
00000016 0D100009 00000000 00000009 00000006 00000001 00000000 00000001 00000002 00000001 00000000 00000006 00000000 00000000 00000000 0000006C 00000000 00000017
00000009 00DD1FFC 00000000 FFFFFFFC 00000006 00000001 00000000 00000001 00000002 00000001 00000000 00000006 00000000 00000000 00000000 0000006C 00000000 00000017
0000000A 0F9D1003 00000000 00000003 00000006 00000001 00000000 00000001 00000002 00000001 00000000 00000006 00000000 00000000 00000000 00000068 00000000 00000017
0000000B 0FFD1002 00000000 00000002 00000006 00000001 00000000 00000001 00000002 00000001 00000000 00000006 00000000 00000000 00000000 00000068 00000000 00000017
0000000C 0F3D1001 00000000 00000001 00000006 00000001 00000000 00000001 00000002 00000001 00000000 00000006 00000000 00000000 00000000 00000068 00000000 00000017
0000000D 0F4D1000 00000000 00000000 00000006 00000001 00000000 00000001 00000002 00000001 00000000 00000006 00000000 00000000 00000000 00000068 00000000 00000017
0000000E 0E5D1000 00000000 00000000 00000006 00000001 00000000 00000001 00000002 00000001 00000000 00000006 00000000 00000000 00000000 00000068 00000000 00000017
0000000F 07150007 00000000 00000007 00000006 00000001 00000000 00000000 00000002 00000001 00000000 00000006 00000000 00000000 00000000 00000068 00000000 00000017
00000007 00201001 00000000 00000001 00000006 00000001 00000000 00000000 00000002 00000001 00000000 00000006 00000000 00000000 00000000 00000068 00000000 00000017
00000008 07100021 00000000 00000021 00000001 00000001 00000000 00000000 00000002 00000001 00000000 00000006 00000000 00000000 00000000 00000068 00000000 00000017
00000021 00DD1004 00000000 00000004 00000001 00000001 00000000 00000000 00000002 00000001 00000000 00000006 00000000 00000000 00000000 00000068 00000000 00000017
00000022 07F00000 00000000 00000000 00000001 00000001 00000000 00000000 00000002 00000001 00000000 00000006 00000000 00000000 00000000 0000006C 00000000 00000017
00000017 00921000 00000000 00000000 00000001 00000001 00000000 00000000 00000002 00000001 00000000 00000006 00000000 00000000 00000000 0000006C 00000000 00000017
00000018 0E3D1001 00000000 00000001 00000001 00000001 00000000 00000000 00000002 00000001 00000000 00000001 00000000 00000000 00000000 0000006C 00000000 00000017
00000019 01331001 00000000 00000001 00000001 00000002 00000000 00000000 00000002 00000001 00000000 00000001 00000000 00000000 00000000 0000006C 00000000 00000017
0000001A 0E4D1000 00000000 00000000 00000001 00000001 00000000 00000000 00000002 00000001 00000000 00000001 00000000 00000000 00000000 0000006C 00000000 00000017
0000001B 0D100009 00000000 00000009 00000001 00000001 00000001 00000000 00000002 00000001 00000000 00000001 00000000 00000000 00000000 0000006C 00000000 00000017
00000009 00DD1FFC 00000000 FFFFFFFC 00000001 00000001 00000001 00000000 00000002 00000001 00000000 00000001 00000000 00000000 00000000 0000006C 00000000 0000001C
0000000A 0F9D1003 00000000 00000003 00000001 00000001 00000001 00000000 00000002 00000001 00000000 00000001 00000000 00000000 00000000 00000068 00000000 0000001C
0000000B 0FFD1002 00000000 00000002 00000001 00000001 00000001 00000000 00000002 00000001 00000000 00000001 00000000 00000000 00000000 00000068 00000000 0000001C
0000000C 0F3D1001 00000000 00000001 00000001 00000001 00000001 00000000 00000002 00000001 00000000 00000001 00000000 00000000 00000000 00000068 00000000 0000001C
0000000D 0F4D1000 00000000 00000000 00000001 00000001 00000001 00000000 00000002 00000001 00000000 00000001 00000000 00000000 00000000 00000068 00000000 0000001C
0000000E 0E5D1000 00000000 00000000 00000001 00000001 00000001 00000000 00000002 00000001 00000000 00000001 00000000 00000000 00000000 00000068 00000000 0000001C
0000000F 07150007 00000000 00000007 00000001 00000001 00000001 00000001 00000002 00000001 00000000 00000001 00000000 00000000 00000000 00000068 00000000 0000001C
00000010 0E6D1001 00000000 00000001 00000001 00000001 00000001 00000001 00000002 00000001 00000000 00000001 00000000 00000000 00000000 00000068 00000000 0000001C
00000011 01765000 00000000 00000000 00000001 00000001 00000001 00000001 00000001 00000001 00000000 00000001 00000000 00000000 00000000 00000068 00000000 0000001C
00000012 07170007 00000000 00000007 00000001 00000001 00000001 00000001 00000001 00000000 00000000 00000001 00000000 00000000 00000000 00000068 00000000 0000001C
00000007 00201001 00000000 00000001 00000001 00000001 00000001 00000001 00000001 00000000 00000000 00000001 00000000 00000000 00000000 00000068 00000000 0000001C
00000008 07100021 00000000 00000021 00000001 00000001 00000001 00000001 00000001 00000000 00000000 00000001 00000000 00000000 00000000 00000068 00000000 0000001C
00000021 00DD1004 00000000 00000004 00000001 00000001 00000001 00000001 00000001 00000000 00000000 00000001 00000000 00000000 00000000 00000068 00000000 0000001C
00000022 07F00000 00000000 00000000 00000001 00000001 00000001 00000001 00000001 00000000 00000000 00000001 00000000 00000000 00000000 0000006C 00000000 0000001C
0000001C 00229000 00000000 00000000 00000001 00000001 00000001 00000001 00000001 00000000 00000000 00000001 00000000 00000000 00000000 0000006C 00000000 0000001C
0000001D 0E4D1000 00000000 00000000 00000002 00000001 00000001 00000001 00000001 00000000 00000000 00000001 00000000 00000000 00000000 0000006C 00000000 0000001C
0000001E 0E3D1001 00000000 00000001 00000002 00000001 00000001 00000001 00000001 00000000 00000000 00000001 00000000 00000000 00000000 0000006C 00000000 0000001C
0000001F 0EFD1002 00000000 00000002 00000002 00000002 00000001 00000001 00000001 00000000 00000000 00000001 00000000 00000000 00000000 0000006C 00000000 0000001C
00000020 0E9D1003 00000000 00000003 00000002 00000002 00000001 00000001 00000001 00000000 00000000 00000001 00000000 00000000 00000000 0000006C 00000000 00000017
00000021 00DD1004 00000000 00000004 00000002 00000002 00000001 00000001 00000001 00000000 00000000 00000006 00000000 00000000 00000000 0000006C 00000000 00000017
00000022 07F00000 00000000 00000000 00000002 00000002 00000001 00000001 00000001 00000000 00000000 00000006 00000000 00000000 00000000 00000070 00000000 00000017
00000017 00921000 00000000 00000000 00000002 00000002 00000001 00000001 00000001 00000000 00000000 00000006 00000000 00000000 00000000 00000070 00000000 00000017
00000018 0E3D1001 00000000 00000001 00000002 00000002 00000001 00000001 00000001 00000000 00000000 00000002 00000000 00000000 00000000 00000070 00000000 00000017
00000019 01331001 00000000 00000001 00000002 00000003 00000001 00000001 00000001 00000000 00000000 00000002 00000000 00000000 00000000 00000070 00000000 00000017
0000001A 0E4D1000 00000000 00000000 00000002 00000002 00000001 00000001 00000001 00000000 00000000 00000002 00000000 00000000 00000000 00000070 00000000 00000017
0000001B 0D100009 00000000 00000009 00000002 00000002 00000002 00000001 00000001 00000000 00000000 00000002 00000000 00000000 00000000 00000070 00000000 00000017
00000009 00DD1FFC 00000000 FFFFFFFC 00000002 00000002 00000002 00000001 00000001 00000000 00000000 00000002 00000000 00000000 00000000 00000070 00000000 0000001C
0000000A 0F9D1003 00000000 00000003 00000002 00000002 00000002 00000001 00000001 00000000 00000000 00000002 00000000 00000000 00000000 0000006C 00000000 0000001C
0000000B 0FFD1002 00000000 00000002 00000002 00000002 00000002 00000001 00000001 00000000 00000000 00000002 00000000 00000000 00000000 0000006C 00000000 0000001C
0000000C 0F3D1001 00000000 00000001 00000002 00000002 00000002 00000001 00000001 00000000 00000000 00000002 00000000 00000000 00000000 0000006C 00000000 0000001C
0000000D 0F4D1000 00000000 00000000 00000002 00000002 00000002 00000001 00000001 00000000 00000000 00000002 00000000 00000000 00000000 0000006C 00000000 0000001C
0000000E 0E5D1000 00000000 00000000 00000002 00000002 00000002 00000001 00000001 00000000 00000000 00000002 00000000 00000000 00000000 0000006C 00000000 0000001C
0000000F 07150007 00000000 00000007 00000002 00000002 00000002 00000002 00000001 00000000 00000000 00000002 00000000 00000000 00000000 0000006C 00000000 0000001C
00000010 0E6D1001 00000000 00000001 00000002 00000002 00000002 00000002 00000001 00000000 00000000 00000002 00000000 00000000 00000000 0000006C 00000000 0000001C
00000011 01765000 00000000 00000000 00000002 00000002 00000002 00000002 00000002 00000000 00000000 00000002 00000000 00000000 00000000 0000006C 00000000 0000001C
00000012 07170007 00000000 00000007 00000002 00000002 00000002 00000002 00000002 00000000 00000000 00000002 00000000 00000000 00000000 0000006C 00000000 0000001C
00000007 00201001 00000000 00000001 00000002 00000002 00000002 00000002 00000002 00000000 00000000 00000002 00000000 00000000 00000000 0000006C 00000000 0000001C
00000008 07100021 00000000 00000021 00000001 00000002 00000002 00000002 00000002 00000000 00000000 00000002 00000000 00000000 00000000 0000006C 00000000 0000001C
00000021 00DD1004 00000000 00000004 00000001 00000002 00000002 00000002 00000002 00000000 00000000 00000002 00000000 00000000 00000000 0000006C 00000000 0000001C
00000022 07F00000 00000000 00000000 00000001 00000002 00000002 00000002 00000002 00000000 00000000 00000002 00000000 00000000 00000000 00000070 00000000 0000001C
0000001C 00229000 00000000 00000000 00000001 00000002 00000002 00000002 00000002 00000000 00000000 00000002 00000000 00000000 00000000 00000070 00000000 0000001C
0000001D 0E4D1000 00000000 00000000 00000003 00000002 00000002 00000002 00000002 00000000 00000000 00000002 00000000 00000000 00000000 00000070 00000000 0000001C
0000001E 0E3D1001 00000000 00000001 00000003 00000002 00000002 00000002 00000002 00000000 00000000 00000002 00000000 00000000 00000000 00000070 00000000 0000001C
0000001F 0EFD1002 00000000 00000002 00000003 00000003 00000002 00000002 00000002 00000000 00000000 00000002 00000000 00000000 00000000 00000070 00000000 0000001C
00000020 0E9D1003 00000000 00000003 00000003 00000003 00000002 00000002 00000002 00000000 00000000 00000002 00000000 00000000 00000000 00000070 00000000 00000017
00000021 00DD1004 00000000 00000004 00000003 00000003 00000002 00000002 00000002 00000000 00000000 00000006 00000000 00000000 00000000 00000070 00000000 00000017
00000022 07F00000 00000000 00000000 00000003 00000003 00000002 00000002 00000002 00000000 00000000 00000006 00000000 00000000 00000000 00000074 00000000 00000017
00000017 00921000 00000000 00000000 00000003 00000003 00000002 00000002 00000002 00000000 00000000 00000006 00000000 00000000 00000000 00000074 00000000 00000017
00000018 0E3D1001 00000000 00000001 00000003 00000003 00000002 00000002 00000002 00000000 00000000 00000003 00000000 00000000 00000000 00000074 00000000 00000017
00000019 01331001 00000000 00000001 00000003 00000004 00000002 00000002 00000002 00000000 00000000 00000003 00000000 00000000 00000000 00000074 00000000 00000017
0000001A 0E4D1000 00000000 00000000 00000003 00000003 00000002 00000002 00000002 00000000 00000000 00000003 00000000 00000000 00000000 00000074 00000000 00000017
0000001B 0D100009 00000000 00000009 00000003 00000003 00000003 00000002 00000002 00000000 00000000 00000003 00000000 00000000 00000000 00000074 00000000 00000017
00000009 00DD1FFC 00000000 FFFFFFFC 00000003 00000003 00000003 00000002 00000002 00000000 00000000 00000003 00000000 00000000 00000000 00000074 00000000 0000001C
0000000A 0F9D1003 00000000 00000003 00000003 00000003 00000003 00000002 00000002 00000000 00000000 00000003 00000000 00000000 00000000 00000070 00000000 0000001C
0000000B 0FFD1002 00000000 00000002 00000003 00000003 00000003 00000002 00000002 00000000 00000000 00000003 00000000 00000000 00000000 00000070 00000000 0000001C
0000000C 0F3D1001 00000000 00000001 00000003 00000003 00000003 00000002 00000002 00000000 00000000 00000003 00000000 00000000 00000000 00000070 00000000 0000001C
0000000D 0F4D1000 00000000 00000000 00000003 00000003 00000003 00000002 00000002 00000000 00000000 00000003 00000000 00000000 00000000 00000070 00000000 0000001C
0000000E 0E5D1000 00000000 00000000 00000003 00000003 00000003 00000002 00000002 00000000 00000000 00000003 00000000 00000000 00000000 00000070 00000000 0000001C
0000000F 07150007 00000000 00000007 00000003 00000003 00000003 00000003 00000002 00000000 00000000 00000003 00000000 00000000 00000000 00000070 00000000 0000001C
00000010 0E6D1001 00000000 00000001 00000003 00000003 00000003 00000003 00000002 00000000 00000000 00000003 00000000 00000000 00000000 00000070 00000000 0000001C
00000011 01765000 00000000 00000000 00000003 00000003 00000003 00000003 00000003 00000000 00000000 00000003 00000000 00000000 00000000 00000070 00000000 0000001C
00000012 07170007 00000000 00000007 00000003 00000003 00000003 00000003 00000003 00000000 00000000 00000003 00000000 00000000 00000000 00000070 00000000 0000001C
00000007 00201001 00000000 00000001 00000003 00000003 00000003 00000003 00000003 00000000 00000000 00000003 00000000 00000000 00000000 00000070 00000000 0000001C
00000008 07100021 00000000 00000021 00000001 00000003 00000003 00000003 00000003 00000000 00000000 00000003 00000000 00000000 00000000 00000070 00000000 0000001C
00000021 00DD1004 00000000 00000004 00000001 00000003 00000003 00000003 00000003 00000000 00000000 00000003 00000000 00000000 00000000 00000070 00000000 0000001C
00000022 07F00000 00000000 00000000 00000001 00000003 00000003 00000003 00000003 00000000 00000000 00000003 00000000 00000000 00000000 00000074 00000000 0000001C
0000001C 00229000 00000000 00000000 00000001 00000003 00000003 00000003 00000003 00000000 00000000 00000003 00000000 00000000 00000000 00000074 00000000 0000001C
0000001D 0E4D1000 00000000 00000000 00000004 00000003 00000003 00000003 00000003 00000000 00000000 00000003 00000000 00000000 00000000 00000074 00000000 0000001C
0000001E 0E3D1001 00000000 00000001 00000004 00000003 00000003 00000003 00000003 00000000 00000000 00000003 00000000 00000000 00000000 00000074 00000000 0000001C
0000001F 0EFD1002 00000000 00000002 00000004 00000004 00000003 00000003 00000003 00000000 00000000 00000003 00000000 00000000 00000000 00000074 00000000 0000001C
00000020 0E9D1003 00000000 00000003 00000004 00000004 00000003 00000003 00000003 00000000 00000000 00000003 00000000 00000000 00000000 00000074 00000000 0000001C
00000021 00DD1004 00000000 00000004 00000004 00000004 00000003 00000003 00000003 00000000 00000000 00000006 00000000 00000000 00000000 00000074 00000000 0000001C
00000022 07F00000 00000000 00000000 00000004 00000004 00000003 00000003 00000003 00000000 00000000 00000006 00000000 00000000 00000000 00000078 00000000 0000001C
0000001C 00229000 00000000 00000000 00000004 00000004 00000003 00000003 00000003 00000000 00000000 00000006 00000000 00000000 00000000 00000078 00000000 0000001C
0000001D 0E4D1000 00000000 00000000 0000000A 00000004 00000003 00000003 00000003 00000000 00000000 00000006 00000000 00000000 00000000 00000078 00000000 0000001C
0000001E 0E3D1001 00000000 00000001 0000000A 00000004 00000003 00000003 00000003 00000000 00000000 00000006 00000000 00000000 00000000 00000078 00000000 0000001C
0000001F 0EFD1002 00000000 00000002 0000000A 00000005 00000003 00000003 00000003 00000000 00000000 00000006 00000000 00000000 00000000 00000078 00000000 0000001C
00000020 0E9D1003 00000000 00000003 0000000A 00000005 00000003 00000003 00000003 00000000 00000000 00000006 00000000 00000000 00000000 00000078 00000000 00000017
00000021 00DD1004 00000000 00000004 0000000A 00000005 00000003 00000003 00000003 00000000 00000000 00000000 00000000 00000000 00000000 00000078 00000000 00000017
00000022 07F00000 00000000 00000000 0000000A 00000005 00000003 00000003 00000003 00000000 00000000 00000000 00000000 00000000 00000000 0000007C 00000000 00000017
00000017 00921000 00000000 00000000 0000000A 00000005 00000003 00000003 00000003 00000000 00000000 00000000 00000000 00000000 00000000 0000007C 00000000 00000017
00000018 0E3D1001 00000000 00000001 0000000A 00000005 00000003 00000003 00000003 00000000 00000000 0000000A 00000000 00000000 00000000 0000007C 00000000 00000017
00000019 01331001 00000000 00000001 0000000A 00000006 00000003 00000003 00000003 00000000 00000000 0000000A 00000000 00000000 00000000 0000007C 00000000 00000017
0000001A 0E4D1000 00000000 00000000 0000000A 00000005 00000003 00000003 00000003 00000000 00000000 0000000A 00000000 00000000 00000000 0000007C 00000000 00000017
0000001B 0D100009 00000000 00000009 0000000A 00000005 00000004 00000003 00000003 00000000 00000000 0000000A 00000000 00000000 00000000 0000007C 00000000 00000017
00000009 00DD1FFC 00000000 FFFFFFFC 0000000A 00000005 00000004 00000003 00000003 00000000 00000000 0000000A 00000000 00000000 00000000 0000007C 00000000 0000001C
0000000A 0F9D1003 00000000 00000003 0000000A 00000005 00000004 00000003 00000003 00000000 00000000 0000000A 00000000 00000000 00000000 00000078 00000000 0000001C
0000000B 0FFD1002 00000000 00000002 0000000A 00000005 00000004 00000003 00000003 00000000 00000000 0000000A 00000000 00000000 00000000 00000078 00000000 0000001C
0000000C 0F3D1001 00000000 00000001 0000000A 00000005 00000004 00000003 00000003 00000000 00000000 0000000A 00000000 00000000 00000000 00000078 00000000 0000001C
0000000D 0F4D1000 00000000 00000000 0000000A 00000005 00000004 00000003 00000003 00000000 00000000 0000000A 00000000 00000000 00000000 00000078 00000000 0000001C
0000000E 0E5D1000 00000000 00000000 0000000A 00000005 00000004 00000003 00000003 00000000 00000000 0000000A 00000000 00000000 00000000 00000078 00000000 0000001C
0000000F 07150007 00000000 00000007 0000000A 00000005 00000004 00000004 00000003 00000000 00000000 0000000A 00000000 00000000 00000000 00000078 00000000 0000001C
00000010 0E6D1001 00000000 00000001 0000000A 00000005 00000004 00000004 00000003 00000000 00000000 0000000A 00000000 00000000 00000000 00000078 00000000 0000001C
00000011 01765000 00000000 00000000 0000000A 00000005 00000004 00000004 00000005 00000000 00000000 0000000A 00000000 00000000 00000000 00000078 00000000 0000001C
00000012 07170007 00000000 00000007 0000000A 00000005 00000004 00000004 00000005 00000001 00000000 0000000A 00000000 00000000 00000000 00000078 00000000 0000001C
00000013 0A134014 00000000 00000014 0000000A 00000005 00000004 00000004 00000005 00000001 00000000 0000000A 00000000 00000000 00000000 00000078 00000000 0000001C
00000014 01331001 00000000 00000001 0000000A 00000005 00000004 00000004 00000005 00000001 00000000 0000000A 00000000 00000000 00000000 00000078 00000000 0000001C
00000015 01441001 00000000 00000001 0000000A 00000004 00000004 00000004 00000005 00000001 00000000 0000000A 00000000 00000000 00000000 00000078 00000000 0000001C
00000016 0D100009 00000000 00000009 0000000A 00000004 00000003 00000004 00000005 00000001 00000000 0000000A 00000000 00000000 00000000 00000078 00000000 0000001C
00000009 00DD1FFC 00000000 FFFFFFFC 0000000A 00000004 00000003 00000004 00000005 00000001 00000000 0000000A 00000000 00000000 00000000 00000078 00000000 00000017
0000000A 0F9D1003 00000000 00000003 0000000A 00000004 00000003 00000004 00000005 00000001 00000000 0000000A 00000000 00000000 00000000 00000074 00000000 00000017
0000000B 0FFD1002 00000000 00000002 0000000A 00000004 00000003 00000004 00000005 00000001 00000000 0000000A 00000000 00000000 00000000 00000074 00000000 00000017
0000000C 0F3D1001 00000000 00000001 0000000A 00000004 00000003 00000004 00000005 00000001 00000000 0000000A 00000000 00000000 00000000 00000074 00000000 00000017
0000000D 0F4D1000 00000000 00000000 0000000A 00000004 00000003 00000004 00000005 00000001 00000000 0000000A 00000000 00000000 00000000 00000074 00000000 00000017
0000000E 0E5D1000 00000000 00000000 0000000A 00000004 00000003 00000004 00000005 00000001 00000000 0000000A 00000000 00000000 00000000 00000074 00000000 00000017
0000000F 07150007 00000000 00000007 0000000A 00000004 00000003 00000003 00000005 00000001 00000000 0000000A 00000000 00000000 00000000 00000074 00000000 00000017
00000010 0E6D1001 00000000 00000001 0000000A 00000004 00000003 00000003 00000005 00000001 00000000 0000000A 00000000 00000000 00000000 00000074 00000000 00000017
00000011 01765000 00000000 00000000 0000000A 00000004 00000003 00000003 00000004 00000001 00000000 0000000A 00000000 00000000 00000000 00000074 00000000 00000017
00000012 07170007 00000000 00000007 0000000A 00000004 00000003 00000003 00000004 00000001 00000000 0000000A 00000000 00000000 00000000 00000074 00000000 00000017
00000013 0A134014 00000000 00000014 0000000A 00000004 00000003 00000003 00000004 00000001 00000000 0000000A 00000000 00000000 00000000 00000074 00000000 00000017
00000014 01331001 00000000 00000001 0000000A 00000004 00000003 00000003 00000004 00000001 00000000 0000000A 00000000 00000000 00000000 00000074 00000000 00000017
00000015 01441001 00000000 00000001 0000000A 00000003 00000003 00000003 00000004 00000001 00000000 0000000A 00000000 00000000 00000000 00000074 00000000 00000017
00000016 0D100009 00000000 00000009 0000000A 00000003 00000002 00000003 00000004 00000001 00000000 0000000A 00000000 00000000 00000000 00000074 00000000 00000017
00000009 00DD1FFC 00000000 FFFFFFFC 0000000A 00000003 00000002 00000003 00000004 00000001 00000000 0000000A 00000000 00000000 00000000 00000074 00000000 00000017
0000000A 0F9D1003 00000000 00000003 0000000A 00000003 00000002 00000003 00000004 00000001 00000000 0000000A 00000000 00000000 00000000 00000070 00000000 00000017
0000000B 0FFD1002 00000000 00000002 0000000A 00000003 00000002 00000003 00000004 00000001 00000000 0000000A 00000000 00000000 00000000 00000070 00000000 00000017
0000000C 0F3D1001 00000000 00000001 0000000A 00000003 00000002 00000003 00000004 00000001 00000000 0000000A 00000000 00000000 00000000 00000070 00000000 00000017
0000000D 0F4D1000 00000000 00000000 0000000A 00000003 00000002 00000003 00000004 00000001 00000000 0000000A 00000000 00000000 00000000 00000070 00000000 00000017
0000000E 0E5D1000 00000000 00000000 0000000A 00000003 00000002 00000003 00000004 00000001 00000000 0000000A 00000000 00000000 00000000 00000070 00000000 00000017
0000000F 07150007 00000000 00000007 0000000A 00000003 00000002 00000002 00000004 00000001 00000000 0000000A 00000000 00000000 00000000 00000070 00000000 00000017
00000010 0E6D1001 00000000 00000001 0000000A 00000003 00000002 00000002 00000004 00000001 00000000 0000000A 00000000 00000000 00000000 00000070 00000000 00000017
00000011 01765000 00000000 00000000 0000000A 00000003 00000002 00000002 00000003 00000001 00000000 0000000A 00000000 00000000 00000000 00000070 00000000 00000017
00000012 07170007 00000000 00000007 0000000A 00000003 00000002 00000002 00000003 00000001 00000000 0000000A 00000000 00000000 00000000 00000070 00000000 00000017
00000013 0A134014 00000000 00000014 0000000A 00000003 00000002 00000002 00000003 00000001 00000000 0000000A 00000000 00000000 00000000 00000070 00000000 00000017
00000014 01331001 00000000 00000001 0000000A 00000003 00000002 00000002 00000003 00000001 00000000 0000000A 00000000 00000000 00000000 00000070 00000000 00000017
00000015 01441001 00000000 00000001 0000000A 00000002 00000002 00000002 00000003 00000001 00000000 0000000A 00000000 00000000 00000000 00000070 00000000 00000017
00000016 0D100009 00000000 00000009 0000000A 00000002 00000001 00000002 00000003 00000001 00000000 0000000A 00000000 00000000 00000000 00000070 00000000 00000017
00000009 00DD1FFC 00000000 FFFFFFFC 0000000A 00000002 00000001 00000002 00000003 00000001 00000000 0000000A 00000000 00000000 00000000 00000070 00000000 00000017
0000000A 0F9D1003 00000000 00000003 0000000A 00000002 00000001 00000002 00000003 00000001 00000000 0000000A 00000000 00000000 00000000 0000006C 00000000 00000017
0000000B 0FFD1002 00000000 00000002 0000000A 00000002 00000001 00000002 00000003 00000001 00000000 0000000A 00000000 00000000 00000000 0000006C 00000000 00000017
0000000C 0F3D1001 00000000 00000001 0000000A 00000002 00000001 00000002 00000003 00000001 00000000 0000000A 00000000 00000000 00000000 0000006C 00000000 00000017
0000000D 0F4D1000 00000000 00000000 0000000A 00000002 00000001 00000002 00000003 00000001 00000000 0000000A 00000000 00000000 00000000 0000006C 00000000 00000017
0000000E 0E5D1000 00000000 00000000 0000000A 00000002 00000001 00000002 00000003 00000001 00000000 0000000A 00000000 00000000 00000000 0000006C 00000000 00000017
0000000F 07150007 00000000 00000007 0000000A 00000002 00000001 00000001 00000003 00000001 00000000 0000000A 00000000 00000000 00000000 0000006C 00000000 00000017
00000010 0E6D1001 00000000 00000001 0000000A 00000002 00000001 00000001 00000003 00000001 00000000 0000000A 00000000 00000000 00000000 0000006C 00000000 00000017
00000011 01765000 00000000 00000000 0000000A 00000002 00000001 00000001 00000002 00000001 00000000 0000000A 00000000 00000000 00000000 0000006C 00000000 00000017
00000012 07170007 00000000 00000007 0000000A 00000002 00000001 00000001 00000002 00000001 00000000 0000000A 00000000 00000000 00000000 0000006C 00000000 00000017
00000013 0A134014 00000000 00000014 0000000A 00000002 00000001 00000001 00000002 00000001 00000000 0000000A 00000000 00000000 00000000 0000006C 00000000 00000017
00000014 01331001 00000000 00000001 0000000A 00000002 00000001 00000001 00000002 00000001 00000000 0000000A 00000000 00000000 00000000 0000006C 00000000 00000017
00000015 01441001 00000000 00000001 0000000A 00000001 00000001 00000001 00000002 00000001 00000000 0000000A 00000000 00000000 00000000 0000006C 00000000 00000017
00000016 0D100009 00000000 00000009 0000000A 00000001 00000000 00000001 00000002 00000001 00000000 0000000A 00000000 00000000 00000000 0000006C 00000000 00000017
00000009 00DD1FFC 00000000 FFFFFFFC 0000000A 00000001 00000000 00000001 00000002 00000001 00000000 0000000A 00000000 00000000 00000000 0000006C 00000000 00000017
0000000A 0F9D1003 00000000 00000003 0000000A 00000001 00000000 00000001 00000002 00000001 00000000 0000000A 00000000 00000000 00000000 00000068 00000000 00000017
0000000B 0FFD1002 00000000 00000002 0000000A 00000001 00000000 00000001 00000002 00000001 00000000 0000000A 00000000 00000000 00000000 00000068 00000000 00000017
0000000C 0F3D1001 00000000 00000001 0000000A 00000001 00000000 00000001 00000002 00000001 00000000 0000000A 00000000 00000000 00000000 00000068 00000000 00000017
0000000D 0F4D1000 00000000 00000000 0000000A 00000001 00000000 00000001 00000002 00000001 00000000 0000000A 00000000 00000000 00000000 00000068 00000000 00000017
0000000E 0E5D1000 00000000 00000000 0000000A 00000001 00000000 00000001 00000002 00000001 00000000 0000000A 00000000 00000000 00000000 00000068 00000000 00000017
0000000F 07150007 00000000 00000007 0000000A 00000001 00000000 00000000 00000002 00000001 00000000 0000000A 00000000 00000000 00000000 00000068 00000000 00000017
00000007 00201001 00000000 00000001 0000000A 00000001 00000000 00000000 00000002 00000001 00000000 0000000A 00000000 00000000 00000000 00000068 00000000 00000017
00000008 07100021 00000000 00000021 00000001 00000001 00000000 00000000 00000002 00000001 00000000 0000000A 00000000 00000000 00000000 00000068 00000000 00000017
00000021 00DD1004 00000000 00000004 00000001 00000001 00000000 00000000 00000002 00000001 00000000 0000000A 00000000 00000000 00000000 00000068 00000000 00000017
00000022 07F00000 00000000 00000000 00000001 00000001 00000000 00000000 00000002 00000001 00000000 0000000A 00000000 00000000 00000000 0000006C 00000000 00000017
00000017 00921000 00000000 00000000 00000001 00000001 00000000 00000000 00000002 00000001 00000000 0000000A 00000000 00000000 00000000 0000006C 00000000 00000017
00000018 0E3D1001 00000000 00000001 00000001 00000001 00000000 00000000 00000002 00000001 00000000 00000001 00000000 00000000 00000000 0000006C 00000000 00000017
00000019 01331001 00000000 00000001 00000001 00000002 00000000 00000000 00000002 00000001 00000000 00000001 00000000 00000000 00000000 0000006C 00000000 00000017
0000001A 0E4D1000 00000000 00000000 00000001 00000001 00000000 00000000 00000002 00000001 00000000 00000001 00000000 00000000 00000000 0000006C 00000000 00000017
0000001B 0D100009 00000000 00000009 00000001 00000001 00000001 00000000 00000002 00000001 00000000 00000001 00000000 00000000 00000000 0000006C 00000000 00000017
00000009 00DD1FFC 00000000 FFFFFFFC 00000001 00000001 00000001 00000000 00000002 00000001 00000000 00000001 00000000 00000000 00000000 0000006C 00000000 0000001C
0000000A 0F9D1003 00000000 00000003 00000001 00000001 00000001 00000000 00000002 00000001 00000000 00000001 00000000 00000000 00000000 00000068 00000000 0000001C
0000000B 0FFD1002 00000000 00000002 00000001 00000001 00000001 00000000 00000002 00000001 00000000 00000001 00000000 00000000 00000000 00000068 00000000 0000001C
0000000C 0F3D1001 00000000 00000001 00000001 00000001 00000001 00000000 00000002 00000001 00000000 00000001 00000000 00000000 00000000 00000068 00000000 0000001C
0000000D 0F4D1000 00000000 00000000 00000001 00000001 00000001 00000000 00000002 00000001 00000000 00000001 00000000 00000000 00000000 00000068 00000000 0000001C
0000000E 0E5D1000 00000000 00000000 00000001 00000001 00000001 00000000 00000002 00000001 00000000 00000001 00000000 00000000 00000000 00000068 00000000 0000001C
0000000F 07150007 00000000 00000007 00000001 00000001 00000001 00000001 00000002 00000001 00000000 00000001 00000000 00000000 00000000 00000068 00000000 0000001C
00000010 0E6D1001 00000000 00000001 00000001 00000001 00000001 00000001 00000002 00000001 00000000 00000001 00000000 00000000 00000000 00000068 00000000 0000001C
00000011 01765000 00000000 00000000 00000001 00000001 00000001 00000001 00000001 00000001 00000000 00000001 00000000 00000000 00000000 00000068 00000000 0000001C
00000012 07170007 00000000 00000007 00000001 00000001 00000001 00000001 00000001 00000000 00000000 00000001 00000000 00000000 00000000 00000068 00000000 0000001C
00000007 00201001 00000000 00000001 00000001 00000001 00000001 00000001 00000001 00000000 00000000 00000001 00000000 00000000 00000000 00000068 00000000 0000001C
00000008 07100021 00000000 00000021 00000001 00000001 00000001 00000001 00000001 00000000 00000000 00000001 00000000 00000000 00000000 00000068 00000000 0000001C
00000021 00DD1004 00000000 00000004 00000001 00000001 00000001 00000001 00000001 00000000 00000000 00000001 00000000 00000000 00000000 00000068 00000000 0000001C
00000022 07F00000 00000000 00000000 00000001 00000001 00000001 00000001 00000001 00000000 00000000 00000001 00000000 00000000 00000000 0000006C 00000000 0000001C
0000001C 00229000 00000000 00000000 00000001 00000001 00000001 00000001 00000001 00000000 00000000 00000001 00000000 00000000 00000000 0000006C 00000000 0000001C
0000001D 0E4D1000 00000000 00000000 00000002 00000001 00000001 00000001 00000001 00000000 00000000 00000001 00000000 00000000 00000000 0000006C 00000000 0000001C
0000001E 0E3D1001 00000000 00000001 00000002 00000001 00000001 00000001 00000001 00000000 00000000 00000001 00000000 00000000 00000000 0000006C 00000000 0000001C
0000001F 0EFD1002 00000000 00000002 00000002 00000002 00000001 00000001 00000001 00000000 00000000 00000001 00000000 00000000 00000000 0000006C 00000000 0000001C
00000020 0E9D1003 00000000 00000003 00000002 00000002 00000001 00000001 00000001 00000000 00000000 00000001 00000000 00000000 00000000 0000006C 00000000 00000017
00000021 00DD1004 00000000 00000004 00000002 00000002 00000001 00000001 00000001 00000000 00000000 0000000A 00000000 00000000 00000000 0000006C 00000000 00000017
00000022 07F00000 00000000 00000000 00000002 00000002 00000001 00000001 00000001 00000000 00000000 0000000A 00000000 00000000 00000000 00000070 00000000 00000017
00000017 00921000 00000000 00000000 00000002 00000002 00000001 00000001 00000001 00000000 00000000 0000000A 00000000 00000000 00000000 00000070 00000000 00000017
00000018 0E3D1001 00000000 00000001 00000002 00000002 00000001 00000001 00000001 00000000 00000000 00000002 00000000 00000000 00000000 00000070 00000000 00000017
00000019 01331001 00000000 00000001 00000002 00000003 00000001 00000001 00000001 00000000 00000000 00000002 00000000 00000000 00000000 00000070 00000000 00000017
0000001A 0E4D1000 00000000 00000000 00000002 00000002 00000001 00000001 00000001 00000000 00000000 00000002 00000000 00000000 00000000 00000070 00000000 00000017
0000001B 0D100009 00000000 00000009 00000002 00000002 00000002 00000001 00000001 00000000 00000000 00000002 00000000 00000000 00000000 00000070 00000000 00000017
00000009 00DD1FFC 00000000 FFFFFFFC 00000002 00000002 00000002 00000001 00000001 00000000 00000000 00000002 00000000 00000000 00000000 00000070 00000000 0000001C
0000000A 0F9D1003 00000000 00000003 00000002 00000002 00000002 00000001 00000001 00000000 00000000 00000002 00000000 00000000 00000000 0000006C 00000000 0000001C
0000000B 0FFD1002 00000000 00000002 00000002 00000002 00000002 00000001 00000001 00000000 00000000 00000002 00000000 00000000 00000000 0000006C 00000000 0000001C
0000000C 0F3D1001 00000000 00000001 00000002 00000002 00000002 00000001 00000001 00000000 00000000 00000002 00000000 00000000 00000000 0000006C 00000000 0000001C
0000000D 0F4D1000 00000000 00000000 00000002 00000002 00000002 00000001 00000001 00000000 00000000 00000002 00000000 00000000 00000000 0000006C 00000000 0000001C
0000000E 0E5D1000 00000000 00000000 00000002 00000002 00000002 00000001 00000001 00000000 00000000 00000002 00000000 00000000 00000000 0000006C 00000000 0000001C
0000000F 07150007 00000000 00000007 00000002 00000002 00000002 00000002 00000001 00000000 00000000 00000002 00000000 00000000 00000000 0000006C 00000000 0000001C
00000010 0E6D1001 00000000 00000001 00000002 00000002 00000002 00000002 00000001 00000000 00000000 00000002 00000000 00000000 00000000 0000006C 00000000 0000001C
00000011 01765000 00000000 00000000 00000002 00000002 00000002 00000002 00000002 00000000 00000000 00000002 00000000 00000000 00000000 0000006C 00000000 0000001C
00000012 07170007 00000000 00000007 00000002 00000002 00000002 00000002 00000002 00000000 00000000 00000002 00000000 00000000 00000000 0000006C 00000000 0000001C
00000007 00201001 00000000 00000001 00000002 00000002 00000002 00000002 00000002 00000000 00000000 00000002 00000000 00000000 00000000 0000006C 00000000 0000001C
00000008 07100021 00000000 00000021 00000001 00000002 00000002 00000002 00000002 00000000 00000000 00000002 00000000 00000000 00000000 0000006C 00000000 0000001C
00000021 00DD1004 00000000 00000004 00000001 00000002 00000002 00000002 00000002 00000000 00000000 00000002 00000000 00000000 00000000 0000006C 00000000 0000001C
00000022 07F00000 00000000 00000000 00000001 00000002 00000002 00000002 00000002 00000000 00000000 00000002 00000000 00000000 00000000 00000070 00000000 0000001C
0000001C 00229000 00000000 00000000 00000001 00000002 00000002 00000002 00000002 00000000 00000000 00000002 00000000 00000000 00000000 00000070 00000000 0000001C
0000001D 0E4D1000 00000000 00000000 00000003 00000002 00000002 00000002 00000002 00000000 00000000 00000002 00000000 00000000 00000000 00000070 00000000 0000001C
0000001E 0E3D1001 00000000 00000001 00000003 00000002 00000002 00000002 00000002 00000000 00000000 00000002 00000000 00000000 00000000 00000070 00000000 0000001C
0000001F 0EFD1002 00000000 00000002 00000003 00000003 00000002 00000002 00000002 00000000 00000000 00000002 00000000 00000000 00000000 00000070 00000000 0000001C
00000020 0E9D1003 00000000 00000003 00000003 00000003 00000002 00000002 00000002 00000000 00000000 00000002 00000000 00000000 00000000 00000070 00000000 00000017
00000021 00DD1004 00000000 00000004 00000003 00000003 00000002 00000002 00000002 00000000 00000000 0000000A 00000000 00000000 00000000 00000070 00000000 00000017
00000022 07F00000 00000000 00000000 00000003 00000003 00000002 00000002 00000002 00000000 00000000 0000000A 00000000 00000000 00000000 00000074 00000000 00000017
00000017 00921000 00000000 00000000 00000003 00000003 00000002 00000002 00000002 00000000 00000000 0000000A 00000000 00000000 00000000 00000074 00000000 00000017
00000018 0E3D1001 00000000 00000001 00000003 00000003 00000002 00000002 00000002 00000000 00000000 00000003 00000000 00000000 00000000 00000074 00000000 00000017
00000019 01331001 00000000 00000001 00000003 00000004 00000002 00000002 00000002 00000000 00000000 00000003 00000000 00000000 00000000 00000074 00000000 00000017
0000001A 0E4D1000 00000000 00000000 00000003 00000003 00000002 00000002 00000002 00000000 00000000 00000003 00000000 00000000 00000000 00000074 00000000 00000017
0000001B 0D100009 00000000 00000009 00000003 00000003 00000003 00000002 00000002 00000000 00000000 00000003 00000000 00000000 00000000 00000074 00000000 00000017
00000009 00DD1FFC 00000000 FFFFFFFC 00000003 00000003 00000003 00000002 00000002 00000000 00000000 00000003 00000000 00000000 00000000 00000074 00000000 0000001C
0000000A 0F9D1003 00000000 00000003 00000003 00000003 00000003 00000002 00000002 00000000 00000000 00000003 00000000 00000000 00000000 00000070 00000000 0000001C
0000000B 0FFD1002 00000000 00000002 00000003 00000003 00000003 00000002 00000002 00000000 00000000 00000003 00000000 00000000 00000000 00000070 00000000 0000001C
0000000C 0F3D1001 00000000 00000001 00000003 00000003 00000003 00000002 00000002 00000000 00000000 00000003 00000000 00000000 00000000 00000070 00000000 0000001C
0000000D 0F4D1000 00000000 00000000 00000003 00000003 00000003 00000002 00000002 00000000 00000000 00000003 00000000 00000000 00000000 00000070 00000000 0000001C
0000000E 0E5D1000 00000000 00000000 00000003 00000003 00000003 00000002 00000002 00000000 00000000 00000003 00000000 00000000 00000000 00000070 00000000 0000001C
0000000F 07150007 00000000 00000007 00000003 00000003 00000003 00000003 00000002 00000000 00000000 00000003 00000000 00000000 00000000 00000070 00000000 0000001C
00000010 0E6D1001 00000000 00000001 00000003 00000003 00000003 00000003 00000002 00000000 00000000 00000003 00000000 00000000 00000000 00000070 00000000 0000001C
00000011 01765000 00000000 00000000 00000003 00000003 00000003 00000003 00000003 00000000 00000000 00000003 00000000 00000000 00000000 00000070 00000000 0000001C
00000012 07170007 00000000 00000007 00000003 00000003 00000003 00000003 00000003 00000000 00000000 00000003 00000000 00000000 00000000 00000070 00000000 0000001C
00000007 00201001 00000000 00000001 00000003 00000003 00000003 00000003 00000003 00000000 00000000 00000003 00000000 00000000 00000000 00000070 00000000 0000001C
00000008 07100021 00000000 00000021 00000001 00000003 00000003 00000003 00000003 00000000 00000000 00000003 00000000 00000000 00000000 00000070 00000000 0000001C
00000021 00DD1004 00000000 00000004 00000001 00000003 00000003 00000003 00000003 00000000 00000000 00000003 00000000 00000000 00000000 00000070 00000000 0000001C
00000022 07F00000 00000000 00000000 00000001 00000003 00000003 00000003 00000003 00000000 00000000 00000003 00000000 00000000 00000000 00000074 00000000 0000001C
0000001C 00229000 00000000 00000000 00000001 00000003 00000003 00000003 00000003 00000000 00000000 00000003 00000000 00000000 00000000 00000074 00000000 0000001C
0000001D 0E4D1000 00000000 00000000 00000004 00000003 00000003 00000003 00000003 00000000 00000000 00000003 00000000 00000000 00000000 00000074 00000000 0000001C
0000001E 0E3D1001 00000000 00000001 00000004 00000003 00000003 00000003 00000003 00000000 00000000 00000003 00000000 00000000 00000000 00000074 00000000 0000001C
0000001F 0EFD1002 00000000 00000002 00000004 00000004 00000003 00000003 00000003 00000000 00000000 00000003 00000000 00000000 00000000 00000074 00000000 0000001C
00000020 0E9D1003 00000000 00000003 00000004 00000004 00000003 00000003 00000003 00000000 00000000 00000003 00000000 00000000 00000000 00000074 00000000 00000017
00000021 00DD1004 00000000 00000004 00000004 00000004 00000003 00000003 00000003 00000000 00000000 0000000A 00000000 00000000 00000000 00000074 00000000 00000017
00000022 07F00000 00000000 00000000 00000004 00000004 00000003 00000003 00000003 00000000 00000000 0000000A 00000000 00000000 00000000 00000078 00000000 00000017
00000017 00921000 00000000 00000000 00000004 00000004 00000003 00000003 00000003 00000000 00000000 0000000A 00000000 00000000 00000000 00000078 00000000 00000017
00000018 0E3D1001 00000000 00000001 00000004 00000004 00000003 00000003 00000003 00000000 00000000 00000004 00000000 00000000 00000000 00000078 00000000 00000017
00000019 01331001 00000000 00000001 00000004 00000005 00000003 00000003 00000003 00000000 00000000 00000004 00000000 00000000 00000000 00000078 00000000 00000017
0000001A 0E4D1000 00000000 00000000 00000004 00000004 00000003 00000003 00000003 00000000 00000000 00000004 00000000 00000000 00000000 00000078 00000000 00000017
0000001B 0D100009 00000000 00000009 00000004 00000004 00000004 00000003 00000003 00000000 00000000 00000004 00000000 00000000 00000000 00000078 00000000 00000017
00000009 00DD1FFC 00000000 FFFFFFFC 00000004 00000004 00000004 00000003 00000003 00000000 00000000 00000004 00000000 00000000 00000000 00000078 00000000 0000001C
0000000A 0F9D1003 00000000 00000003 00000004 00000004 00000004 00000003 00000003 00000000 00000000 00000004 00000000 00000000 00000000 00000074 00000000 0000001C
0000000B 0FFD1002 00000000 00000002 00000004 00000004 00000004 00000003 00000003 00000000 00000000 00000004 00000000 00000000 00000000 00000074 00000000 0000001C
0000000C 0F3D1001 00000000 00000001 00000004 00000004 00000004 00000003 00000003 00000000 00000000 00000004 00000000 00000000 00000000 00000074 00000000 0000001C
0000000D 0F4D1000 00000000 00000000 00000004 00000004 00000004 00000003 00000003 00000000 00000000 00000004 00000000 00000000 00000000 00000074 00000000 0000001C
0000000E 0E5D1000 00000000 00000000 00000004 00000004 00000004 00000003 00000003 00000000 00000000 00000004 00000000 00000000 00000000 00000074 00000000 0000001C
0000000F 07150007 00000000 00000007 00000004 00000004 00000004 00000004 00000003 00000000 00000000 00000004 00000000 00000000 00000000 00000074 00000000 0000001C
00000010 0E6D1001 00000000 00000001 00000004 00000004 00000004 00000004 00000003 00000000 00000000 00000004 00000000 00000000 00000000 00000074 00000000 0000001C
00000011 01765000 00000000 00000000 00000004 00000004 00000004 00000004 00000004 00000000 00000000 00000004 00000000 00000000 00000000 00000074 00000000 0000001C
00000012 07170007 00000000 00000007 00000004 00000004 00000004 00000004 00000004 00000000 00000000 00000004 00000000 00000000 00000000 00000074 00000000 0000001C
00000007 00201001 00000000 00000001 00000004 00000004 00000004 00000004 00000004 00000000 00000000 00000004 00000000 00000000 00000000 00000074 00000000 0000001C
00000008 07100021 00000000 00000021 00000001 00000004 00000004 00000004 00000004 00000000 00000000 00000004 00000000 00000000 00000000 00000074 00000000 0000001C
00000021 00DD1004 00000000 00000004 00000001 00000004 00000004 00000004 00000004 00000000 00000000 00000004 00000000 00000000 00000000 00000074 00000000 0000001C
00000022 07F00000 00000000 00000000 00000001 00000004 00000004 00000004 00000004 00000000 00000000 00000004 00000000 00000000 00000000 00000078 00000000 0000001C
0000001C 00229000 00000000 00000000 00000001 00000004 00000004 00000004 00000004 00000000 00000000 00000004 00000000 00000000 00000000 00000078 00000000 0000001C
0000001D 0E4D1000 00000000 00000000 00000005 00000004 00000004 00000004 00000004 00000000 00000000 00000004 00000000 00000000 00000000 00000078 00000000 0000001C
0000001E 0E3D1001 00000000 00000001 00000005 00000004 00000004 00000004 00000004 00000000 00000000 00000004 00000000 00000000 00000000 00000078 00000000 0000001C
0000001F 0EFD1002 00000000 00000002 00000005 00000005 00000004 00000004 00000004 00000000 00000000 00000004 00000000 00000000 00000000 00000078 00000000 0000001C
00000020 0E9D1003 00000000 00000003 00000005 00000005 00000004 00000004 00000004 00000000 00000000 00000004 00000000 00000000 00000000 00000078 00000000 0000001C
00000021 00DD1004 00000000 00000004 00000005 00000005 00000004 00000004 00000004 00000000 00000000 0000000A 00000000 00000000 00000000 00000078 00000000 0000001C
00000022 07F00000 00000000 00000000 00000005 00000005 00000004 00000004 00000004 00000000 00000000 0000000A 00000000 00000000 00000000 0000007C 00000000 0000001C
0000001C 00229000 00000000 00000000 00000005 00000005 00000004 00000004 00000004 00000000 00000000 0000000A 00000000 00000000 00000000 0000007C 00000000 0000001C
0000001D 0E4D1000 00000000 00000000 0000000F 00000005 00000004 00000004 00000004 00000000 00000000 0000000A 00000000 00000000 00000000 0000007C 00000000 0000001C
0000001E 0E3D1001 00000000 00000001 0000000F 00000005 00000004 00000004 00000004 00000000 00000000 0000000A 00000000 00000000 00000000 0000007C 00000000 0000001C
0000001F 0EFD1002 00000000 00000002 0000000F 00000006 00000004 00000004 00000004 00000000 00000000 0000000A 00000000 00000000 00000000 0000007C 00000000 0000001C
00000020 0E9D1003 00000000 00000003 0000000F 00000006 00000004 00000004 00000004 00000000 00000000 0000000A 00000000 00000000 00000000 0000007C 00000000 00000005
00000021 00DD1004 00000000 00000004 0000000F 00000006 00000004 00000004 00000004 00000000 00000000 00000000 00000000 00000000 00000000 0000007C 00000000 00000005
00000022 07F00000 00000000 00000000 0000000F 00000006 00000004 00000004 00000004 00000000 00000000 00000000 00000000 00000000 00000000 00000080 00000000 00000005
00000005 0F201102 00000000 00000102 0000000F 00000006 00000004 00000004 00000004 00000000 00000000 00000000 00000000 00000000 00000000 00000080 00000000 00000005
00000006 13000000 00000000 00000000 0000000F 00000006 00000004 00000004 00000004 00000000 00000000 00000000 00000000 00000000 00000000 00000080 00000000 00000005
