00000000 00501100 00000000 00000100 00000000 00000000 00000000 00000000 00000000 00000000 00000000 00000000 00000000 00000000 00000000 00000000 00000000 00000000
00000001 0060110F 00000000 0000010F 00000000 00000000 00000000 00000100 00000000 00000000 00000000 00000000 00000000 00000000 00000000 00000000 00000000 00000000
00000002 0E750000 00000000 00000000 00000000 00000000 00000000 00000100 0000010F 00000000 00000000 00000000 00000000 00000000 00000000 00000000 00000000 00000000
00000003 0E851010 00000000 00000010 00000000 00000000 00000000 00000100 0000010F 00000005 00000000 00000000 00000000 00000000 00000000 00000000 00000000 00000000
00000004 00787000 00000000 00000000 00000000 00000000 00000000 00000100 0000010F 00000005 00000004 00000000 00000000 00000000 00000000 00000000 00000000 00000000
00000005 0F751020 00000000 00000020 00000000 00000000 00000000 00000100 0000010F 00000009 00000004 00000000 00000000 00000000 00000000 00000000 00000000 00000000
00000006 00551001 00000000 00000001 00000000 00000000 00000000 00000100 0000010F 00000009 00000004 00000000 00000000 00000000 00000000 00000000 00000000 00000000
00000007 0B156002 00000000 00000002 00000000 00000000 00000000 00000101 0000010F 00000009 00000004 00000000 00000000 00000000 00000000 00000000 00000000 00000000
00000002 0E750000 00000000 00000000 00000000 00000000 00000000 00000101 0000010F 00000009 00000004 00000000 00000000 00000000 00000000 00000000 00000000 00000000
00000003 0E851010 00000000 00000010 00000000 00000000 00000000 00000101 0000010F 0000001F 00000004 00000000 00000000 00000000 00000000 00000000 00000000 00000000
00000004 00787000 00000000 00000000 00000000 00000000 00000000 00000101 0000010F 0000001F 0000002D 00000000 00000000 00000000 00000000 00000000 00000000 00000000
00000005 0F751020 00000000 00000020 00000000 00000000 00000000 00000101 0000010F 0000004C 0000002D 00000000 00000000 00000000 00000000 00000000 00000000 00000000
00000006 00551001 00000000 00000001 00000000 00000000 00000000 00000101 0000010F 0000004C 0000002D 00000000 00000000 00000000 00000000 00000000 00000000 00000000
00000007 0B156002 00000000 00000002 00000000 00000000 00000000 00000102 0000010F 0000004C 0000002D 00000000 00000000 00000000 00000000 00000000 00000000 00000000
00000002 0E750000 00000000 00000000 00000000 00000000 00000000 00000102 0000010F 0000004C 0000002D 00000000 00000000 00000000 00000000 00000000 00000000 00000000
00000003 0E851010 00000000 00000010 00000000 00000000 00000000 00000102 0000010F 0000002E 0000002D 00000000 00000000 00000000 00000000 00000000 00000000 00000000
00000004 00787000 00000000 00000000 00000000 00000000 00000000 00000102 0000010F 0000002E 0000001A 00000000 00000000 00000000 00000000 00000000 00000000 00000000
00000005 0F751020 00000000 00000020 00000000 00000000 00000000 00000102 0000010F 00000048 0000001A 00000000 00000000 00000000 00000000 00000000 00000000 00000000
00000006 00551001 00000000 00000001 00000000 00000000 00000000 00000102 0000010F 00000048 0000001A 00000000 00000000 00000000 00000000 00000000 00000000 00000000
00000007 0B156002 00000000 00000002 00000000 00000000 00000000 00000103 0000010F 00000048 0000001A 00000000 00000000 00000000 00000000 00000000 00000000 00000000
00000002 0E750000 00000000 00000000 00000000 00000000 00000000 00000103 0000010F 00000048 0000001A 00000000 00000000 00000000 00000000 00000000 00000000 00000000
00000003 0E851010 00000000 00000010 00000000 00000000 00000000 00000103 0000010F 0000000C 0000001A 00000000 00000000 00000000 00000000 00000000 00000000 00000000
00000004 00787000 00000000 00000000 00000000 00000000 00000000 00000103 0000010F 0000000C 00000047 00000000 00000000 00000000 00000000 00000000 00000000 00000000
00000005 0F751020 00000000 00000020 00000000 00000000 00000000 00000103 0000010F 00000053 00000047 00000000 00000000 00000000 00000000 00000000 00000000 00000000
00000006 00551001 00000000 00000001 00000000 00000000 00000000 00000103 0000010F 00000053 00000047 00000000 00000000 00000000 00000000 00000000 00000000 00000000
00000007 0B156002 00000000 00000002 00000000 00000000 00000000 00000104 0000010F 00000053 00000047 00000000 00000000 00000000 00000000 00000000 00000000 00000000
00000002 0E750000 00000000 00000000 00000000 00000000 00000000 00000104 0000010F 00000053 00000047 00000000 00000000 00000000 00000000 00000000 00000000 00000000
00000003 0E851010 00000000 00000010 00000000 00000000 00000000 00000104 0000010F 00000007 00000047 00000000 00000000 00000000 00000000 00000000 00000000 00000000
00000004 00787000 00000000 00000000 00000000 00000000 00000000 00000104 0000010F 00000007 00000050 00000000 00000000 00000000 00000000 00000000 00000000 00000000
00000005 0F751020 00000000 00000020 00000000 00000000 00000000 00000104 0000010F 00000057 00000050 00000000 00000000 00000000 00000000 00000000 00000000 00000000
00000006 00551001 00000000 00000001 00000000 00000000 00000000 00000104 0000010F 00000057 00000050 00000000 00000000 00000000 00000000 00000000 00000000 00000000
00000007 0B156002 00000000 00000002 00000000 00000000 00000000 00000105 0000010F 00000057 00000050 00000000 00000000 00000000 00000000 00000000 00000000 00000000
00000002 0E750000 00000000 00000000 00000000 00000000 00000000 00000105 0000010F 00000057 00000050 00000000 00000000 00000000 00000000 00000000 00000000 00000000
00000003 0E851010 00000000 00000010 00000000 00000000 00000000 00000105 0000010F 00000019 00000050 00000000 00000000 00000000 00000000 00000000 00000000 00000000
00000004 00787000 00000000 00000000 00000000 00000000 00000000 00000105 0000010F 00000019 00000213 00000000 00000000 00000000 00000000 00000000 00000000 00000000
00000005 0F751020 00000000 00000020 00000000 00000000 00000000 00000105 0000010F 0000022C 00000213 00000000 00000000 00000000 00000000 00000000 00000000 00000000
00000006 00551001 00000000 00000001 00000000 00000000 00000000 00000105 0000010F 0000022C 00000213 00000000 00000000 00000000 00000000 00000000 00000000 00000000
00000007 0B156002 00000000 00000002 00000000 00000000 00000000 00000106 0000010F 0000022C 00000213 00000000 00000000 00000000 00000000 00000000 00000000 00000000
00000002 0E750000 00000000 00000000 00000000 00000000 00000000 00000106 0000010F 0000022C 00000213 00000000 00000000 00000000 00000000 00000000 00000000 00000000
00000003 0E851010 00000000 00000010 00000000 00000000 00000000 00000106 0000010F 00000011 00000213 00000000 00000000 00000000 00000000 00000000 00000000 00000000
00000004 00787000 00000000 00000000 00000000 00000000 00000000 00000106 0000010F 00000011 FFFFFFF3 00000000 00000000 00000000 00000000 00000000 00000000 00000000
00000005 0F751020 00000000 00000020 00000000 00000000 00000000 00000106 0000010F 00000004 FFFFFFF3 00000000 00000000 00000000 00000000 00000000 00000000 00000000
00000006 00551001 00000000 00000001 00000000 00000000 00000000 00000106 0000010F 00000004 FFFFFFF3 00000000 00000000 00000000 00000000 00000000 00000000 00000000
00000007 0B156002 00000000 00000002 00000000 00000000 00000000 00000107 0000010F 00000004 FFFFFFF3 00000000 00000000 00000000 00000000 00000000 00000000 00000000
00000002 0E750000 00000000 00000000 00000000 00000000 00000000 00000107 0000010F 00000004 FFFFFFF3 00000000 00000000 00000000 00000000 00000000 00000000 00000000
00000003 0E851010 00000000 00000010 00000000 00000000 00000000 00000107 0000010F 000000C8 FFFFFFF3 00000000 00000000 00000000 00000000 00000000 00000000 00000000
00000004 00787000 00000000 00000000 00000000 00000000 00000000 00000107 0000010F 000000C8 000000C9 00000000 00000000 00000000 00000000 00000000 00000000 00000000
00000005 0F751020 00000000 00000020 00000000 00000000 00000000 00000107 0000010F 00000191 000000C9 00000000 00000000 00000000 00000000 00000000 00000000 00000000
00000006 00551001 00000000 00000001 00000000 00000000 00000000 00000107 0000010F 00000191 000000C9 00000000 00000000 00000000 00000000 00000000 00000000 00000000
00000007 0B156002 00000000 00000002 00000000 00000000 00000000 00000108 0000010F 00000191 000000C9 00000000 00000000 00000000 00000000 00000000 00000000 00000000
00000002 0E750000 00000000 00000000 00000000 00000000 00000000 00000108 0000010F 00000191 000000C9 00000000 00000000 00000000 00000000 00000000 00000000 00000000
00000003 0E851010 00000000 00000010 00000000 00000000 00000000 00000108 0000010F FFFFFF9D 000000C9 00000000 00000000 00000000 00000000 00000000 00000000 00000000
00000004 00787000 00000000 00000000 00000000 00000000 00000000 00000108 0000010F FFFFFF9D 00000003 00000000 00000000 00000000 00000000 00000000 00000000 00000000
00000005 0F751020 00000000 00000020 00000000 00000000 00000000 00000108 0000010F FFFFFFA0 00000003 00000000 00000000 00000000 00000000 00000000 00000000 00000000
00000006 00551001 00000000 00000001 00000000 00000000 00000000 00000108 0000010F FFFFFFA0 00000003 00000000 00000000 00000000 00000000 00000000 00000000 00000000
00000007 0B156002 00000000 00000002 00000000 00000000 00000000 00000109 0000010F FFFFFFA0 00000003 00000000 00000000 00000000 00000000 00000000 00000000 00000000
00000002 0E750000 00000000 00000000 00000000 00000000 00000000 00000109 0000010F FFFFFFA0 00000003 00000000 00000000 00000000 00000000 00000000 00000000 00000000
00000003 0E851010 00000000 00000010 00000000 00000000 00000000 00000109 0000010F 0000000C 00000003 00000000 00000000 00000000 00000000 00000000 00000000 00000000
00000004 00787000 00000000 00000000 00000000 00000000 00000000 00000109 0000010F 0000000C 00000063 00000000 00000000 00000000 00000000 00000000 00000000 00000000
00000005 0F751020 00000000 00000020 00000000 00000000 00000000 00000109 0000010F 0000006F 00000063 00000000 00000000 00000000 00000000 00000000 00000000 00000000
00000006 00551001 00000000 00000001 00000000 00000000 00000000 00000109 0000010F 0000006F 00000063 00000000 00000000 00000000 00000000 00000000 00000000 00000000
00000007 0B156002 00000000 00000002 00000000 00000000 00000000 0000010A 0000010F 0000006F 00000063 00000000 00000000 00000000 00000000 00000000 00000000 00000000
00000002 0E750000 00000000 00000000 00000000 00000000 00000000 0000010A 0000010F 0000006F 00000063 00000000 00000000 00000000 00000000 00000000 00000000 00000000
00000003 0E851010 00000000 00000010 00000000 00000000 00000000 0000010A 0000010F 00000064 00000063 00000000 00000000 00000000 00000000 00000000 00000000 00000000
00000004 00787000 00000000 00000000 00000000 00000000 00000000 0000010A 0000010F 00000064 FFFFFFFF 00000000 00000000 00000000 00000000 00000000 00000000 00000000
00000005 0F751020 00000000 00000020 00000000 00000000 00000000 0000010A 0000010F 00000063 FFFFFFFF 00000000 00000000 00000000 00000000 00000000 00000000 00000000
00000006 00551001 00000000 00000001 00000000 00000000 00000000 0000010A 0000010F 00000063 FFFFFFFF 00000000 00000000 00000000 00000000 00000000 00000000 00000000
00000007 0B156002 00000000 00000002 00000000 00000000 00000000 0000010B 0000010F 00000063 FFFFFFFF 00000000 00000000 00000000 00000000 00000000 00000000 00000000
00000002 0E750000 00000000 00000000 00000000 00000000 00000000 0000010B 0000010F 00000063 FFFFFFFF 00000000 00000000 00000000 00000000 00000000 00000000 00000000
00000003 0E851010 00000000 00000010 00000000 00000000 00000000 0000010B 0000010F 00000016 FFFFFFFF 00000000 00000000 00000000 00000000 00000000 00000000 00000000
00000004 00787000 00000000 00000000 00000000 00000000 00000000 0000010B 0000010F 00000016 0000003F 00000000 00000000 00000000 00000000 00000000 00000000 00000000
00000005 0F751020 00000000 00000020 00000000 00000000 00000000 0000010B 0000010F 00000055 0000003F 00000000 00000000 00000000 00000000 00000000 00000000 00000000
00000006 00551001 00000000 00000001 00000000 00000000 00000000 0000010B 0000010F 00000055 0000003F 00000000 00000000 00000000 00000000 00000000 00000000 00000000
00000007 0B156002 00000000 00000002 00000000 00000000 00000000 0000010C 0000010F 00000055 0000003F 00000000 00000000 00000000 00000000 00000000 00000000 00000000
00000002 0E750000 00000000 00000000 00000000 00000000 00000000 0000010C 0000010F 00000055 0000003F 00000000 00000000 00000000 00000000 00000000 00000000 00000000
00000003 0E851010 00000000 00000010 00000000 00000000 00000000 0000010C 0000010F 00000036 0000003F 00000000 00000000 00000000 00000000 00000000 00000000 00000000
00000004 00787000 00000000 00000000 00000000 00000000 00000000 0000010C 0000010F 00000036 FFFFFFEA 00000000 00000000 00000000 00000000 00000000 00000000 00000000
00000005 0F751020 00000000 00000020 00000000 00000000 00000000 0000010C 0000010F 00000020 FFFFFFEA 00000000 00000000 00000000 00000000 00000000 00000000 00000000
00000006 00551001 00000000 00000001 00000000 00000000 00000000 0000010C 0000010F 00000020 FFFFFFEA 00000000 00000000 00000000 00000000 00000000 00000000 00000000
00000007 0B156002 00000000 00000002 00000000 00000000 00000000 0000010D 0000010F 00000020 FFFFFFEA 00000000 00000000 00000000 00000000 00000000 00000000 00000000
00000002 0E750000 00000000 00000000 00000000 00000000 00000000 0000010D 0000010F 00000020 FFFFFFEA 00000000 00000000 00000000 00000000 00000000 00000000 00000000
00000003 0E851010 00000000 00000010 00000000 00000000 00000000 0000010D 0000010F 0000007D FFFFFFEA 00000000 00000000 00000000 00000000 00000000 00000000 00000000
00000004 00787000 00000000 00000000 00000000 00000000 00000000 0000010D 0000010F 0000007D 00000060 00000000 00000000 00000000 00000000 00000000 00000000 00000000
00000005 0F751020 00000000 00000020 00000000 00000000 00000000 0000010D 0000010F 000000DD 00000060 00000000 00000000 00000000 00000000 00000000 00000000 00000000
00000006 00551001 00000000 00000001 00000000 00000000 00000000 0000010D 0000010F 000000DD 00000060 00000000 00000000 00000000 00000000 00000000 00000000 00000000
00000007 0B156002 00000000 00000002 00000000 00000000 00000000 0000010E 0000010F 000000DD 00000060 00000000 00000000 00000000 00000000 00000000 00000000 00000000
00000002 0E750000 00000000 00000000 00000000 00000000 00000000 0000010E 0000010F 000000DD 00000060 00000000 00000000 00000000 00000000 00000000 00000000 00000000
00000003 0E851010 00000000 00000010 00000000 00000000 00000000 0000010E 0000010F 0000004D 00000060 00000000 00000000 00000000 00000000 00000000 00000000 00000000
00000004 00787000 00000000 00000000 00000000 00000000 00000000 0000010E 0000010F 0000004D 00000040 00000000 00000000 00000000 00000000 00000000 00000000 00000000
00000005 0F751020 00000000 00000020 00000000 00000000 00000000 0000010E 0000010F 0000008D 00000040 00000000 00000000 00000000 00000000 00000000 00000000 00000000
00000006 00551001 00000000 00000001 00000000 00000000 00000000 0000010E 0000010F 0000008D 00000040 00000000 00000000 00000000 00000000 00000000 00000000 00000000
00000007 0B156002 00000000 00000002 00000000 00000000 00000000 0000010F 0000010F 0000008D 00000040 00000000 00000000 00000000 00000000 00000000 00000000 00000000
00000002 0E750000 00000000 00000000 00000000 00000000 00000000 0000010F 0000010F 0000008D 00000040 00000000 00000000 00000000 00000000 00000000 00000000 00000000
00000003 0E851010 00000000 00000010 00000000 00000000 00000000 0000010F 0000010F FFFFFFBE 00000040 00000000 00000000 00000000 00000000 00000000 00000000 00000000
00000004 00787000 00000000 00000000 00000000 00000000 00000000 0000010F 0000010F FFFFFFBE 00000002 00000000 00000000 00000000 00000000 00000000 00000000 00000000
00000005 0F751020 00000000 00000020 00000000 00000000 00000000 0000010F 0000010F FFFFFFC0 00000002 00000000 00000000 00000000 00000000 00000000 00000000 00000000
00000006 00551001 00000000 00000001 00000000 00000000 00000000 0000010F 0000010F FFFFFFC0 00000002 00000000 00000000 00000000 00000000 00000000 00000000 00000000
00000007 0B156002 00000000 00000002 00000000 00000000 00000000 00000110 0000010F FFFFFFC0 00000002 00000000 00000000 00000000 00000000 00000000 00000000 00000000
00000008 13000000 00000000 00000000 00000000 00000000 00000000 00000110 0000010F FFFFFFC0 00000002 00000000 00000000 00000000 00000000 00000000 00000000 00000000
